1555578372,649478955,-1,-1,-1,-1,-1,-1,-1,-1,-1,-1,-1,-1,-1,-1
1555578372,815854072,0.100001,0.000012,-1.396282,1.919926,-2.094408,-1.570954,-0.000311,0.000036,0.000000,0.000000,0.023368,-0.028666,0.029481,0.027779
1555578372,825885057,0.100001,0.000024,-1.396282,1.919938,-2.094504,-1.570882,-0.000252,0.000036,0.000000,0.000000,0.024250,-0.021811,0.043311,0.037654
1555578372,835870027,0.100001,0.000000,-1.396282,1.919914,-2.094420,-1.570918,-0.000347,0.000036,0.000000,0.000000,-0.020300,0.023106,-0.041417,-0.032381
1555578372,845880985,0.100001,-0.000024,-1.396293,1.919926,-2.094516,-1.570750,-0.000275,0.000036,0.000000,0.000000,0.023559,-0.024160,0.042208,0.021596
1555578372,855865001,0.100001,0.000024,-1.396318,1.919926,-2.094467,-1.571014,-0.000347,0.000036,0.000000,0.000000,-0.025208,0.029337,-0.038350,0.004961
1555578372,865866899,0.100000,0.000012,-1.396282,1.919890,-2.094528,-1.571002,-0.000311,-0.000045,0.000000,0.000000,-0.018293,0.032957,-0.012248,0.043191
1555578372,875866889,0.100000,0.000048,-1.396282,1.919878,-2.094384,-1.570750,-0.000395,-0.000045,0.000000,0.000000,0.016682,-0.026126,0.010906,-0.032381
1555578372,886125087,0.100000,0.000012,-1.396282,1.919926,-2.094479,-1.570918,-0.000215,-0.000045,0.000000,0.000000,-0.017551,0.026198,0.003739,0.032381
1555578372,895870923,0.100000,0.000024,-1.396305,1.919914,-2.094432,-1.570774,-0.000371,-0.000045,0.000000,0.000000,0.002250,-0.002517,-0.003475,0.003883
1555578372,906008958,0.100000,-0.000024,-1.396305,1.919854,-2.094444,-1.570774,-0.000336,-0.000045,0.000000,0.000000,0.023099,-0.038853,-0.003715,0.035425
1555578372,915868997,0.099999,0.000000,-1.396305,1.919902,-2.094539,-1.570882,-0.000347,-0.000084,0.000000,0.000000,-0.022460,0.035329,0.003763,-0.041561
1555578372,925833940,0.099999,0.000024,-1.396258,1.919926,-2.094467,-1.570786,-0.000215,-0.000084,0.000000,0.000000,0.023355,-0.037079,-0.003499,0.043191
1555578372,935868024,0.099999,0.000012,-1.396282,1.919938,-2.094563,-1.570894,-0.000371,-0.000084,0.000000,0.000000,-0.023879,0.035042,0.004051,-0.024160
1555578372,945878028,0.099999,-0.000036,-1.396329,1.919950,-2.094551,-1.570870,-0.000336,-0.000084,0.000000,0.000000,-0.023176,0.020781,0.003763,0.043766
1555578372,955934047,0.099999,0.000024,-1.396293,1.919950,-2.094456,-1.570762,-0.000311,-0.000084,0.000000,0.000000,0.024710,0.007215,-0.026605,-0.050334
1555578372,965879917,0.099999,-0.000012,-1.396318,1.919961,-2.094623,-1.570858,-0.000311,-0.000084,0.000000,0.000000,-0.024109,-0.009372,0.006424,0.043191
1555578372,975869894,0.099999,0.000012,-1.396293,1.919926,-2.094420,-1.570846,-0.000419,-0.000084,0.000000,0.000000,0.019188,-0.003499,0.008101,-0.020733
1555578372,985879898,0.099999,-0.000012,-1.396293,1.919902,-2.094444,-1.570714,-0.000359,-0.000084,0.000000,0.000000,0.018395,-0.044006,-0.004530,0.033843
1555578372,995881080,0.099999,0.000024,-1.396329,1.919914,-2.094516,-1.570882,-0.000347,-0.000084,0.000000,0.000000,0.004666,0.044653,0.005609,-0.049447
1555578373,5872964,0.099999,0.000048,-1.396258,1.919890,-2.094504,-1.570822,-0.000287,-0.000084,0.000000,0.000000,0.003145,-0.038278,0.008605,0.040075
1555578373,15868902,0.099999,0.000036,-1.396329,1.919890,-2.094516,-1.570906,-0.000383,-0.000084,0.000000,0.000000,0.005880,0.025910,0.004242,-0.025910
1555578373,25866985,0.099999,0.000036,-1.396282,1.919890,-2.094504,-1.570882,-0.000383,-0.000076,0.000000,0.000000,-0.002378,0.021596,0.004314,-0.011888
1555578373,35947084,0.099999,-0.000012,-1.396282,1.919926,-2.094504,-1.570750,-0.000359,-0.000076,0.000000,0.000000,0.022971,-0.016179,0.011673,-0.046978
1555578373,45876026,0.099999,0.000024,-1.396282,1.919902,-2.094504,-1.570918,-0.000299,-0.000076,0.000000,0.000000,-0.023841,0.013350,-0.016586,0.042664
1555578373,55893898,0.099999,0.000024,-1.396293,1.919902,-2.094539,-1.570738,-0.000371,-0.000076,0.000000,0.000000,0.024902,0.022003,0.016802,-0.043191
1555578373,65946102,0.099999,0.000024,-1.396318,1.919890,-2.094360,-1.570714,-0.000383,-0.000076,0.000000,0.000000,0.022256,0.042808,0.018504,-0.016706
1555578373,75894117,0.099999,0.000012,-1.396318,1.919926,-2.094588,-1.570942,-0.000324,-0.000080,0.000000,0.000000,-0.019392,-0.018504,-0.016179,0.012440
1555578373,85891962,0.099999,0.000012,-1.396282,1.919890,-2.094372,-1.570774,-0.000336,-0.000080,0.000000,0.000000,0.015634,0.012655,0.028762,0.046762
1555578373,95937013,0.099999,0.000048,-1.396270,1.919902,-2.094551,-1.570894,-0.000359,-0.000080,0.000000,0.000000,-0.014087,0.032957,-0.031974,-0.044078
1555578373,105951070,0.099999,0.000024,-1.396329,1.919866,-2.094384,-1.570846,-0.000395,-0.000080,0.000000,0.000000,0.004640,0.036792,-0.032981,-0.021859
1555578373,115938901,0.099999,0.000000,-1.396305,1.919866,-2.094420,-1.570858,-0.000299,-0.000080,0.000000,0.000000,0.002557,-0.032381,0.037463,-0.005465
1555578373,125890016,0.099999,0.000036,-1.396258,1.919890,-2.094396,-1.570810,-0.000347,-0.000034,0.000000,0.000000,-0.020964,0.021596,-0.033580,0.051316
1555578373,135898113,0.099999,0.000000,-1.396258,1.919902,-2.094528,-1.570858,-0.000395,-0.000034,0.000000,0.000000,0.022013,-0.018504,0.036600,-0.045109
1555578373,145904064,0.099999,0.000024,-1.396305,1.919914,-2.094504,-1.570894,-0.000443,-0.000034,0.000000,0.000000,0.023879,-0.014381,0.003475,-0.016059
1555578373,155893087,0.099999,0.000024,-1.396270,1.919938,-2.094444,-1.570774,-0.000287,-0.000034,0.000000,0.000000,-0.024467,0.017257,-0.030536,0.012104
1555578373,165867090,0.099999,0.000024,-1.396270,1.919961,-2.094467,-1.570858,-0.000371,-0.000034,0.000000,0.000000,0.024378,-0.009563,0.026701,0.003763
1555578373,175899982,0.100001,-0.000012,-1.396282,1.919890,-2.094479,-1.570690,-0.000311,0.000035,0.000000,0.000000,-0.021079,-0.029625,0.011553,-0.049759
1555578373,185883998,0.099999,0.000048,-1.396318,1.919938,-2.094528,-1.570690,-0.000419,0.000005,0.000000,0.000000,-0.020044,-0.025910,0.016179,-0.043191
1555578373,195878028,0.099999,-0.000036,-1.396305,1.919914,-2.094240,-1.570834,-0.000215,0.000005,0.000000,0.000000,0.014816,0.017976,-0.014381,0.018000
1555578373,205881118,0.099999,0.000012,-1.396305,1.919926,-2.094516,-1.570666,-0.000324,0.000005,0.000000,0.000000,-0.013921,0.043766,0.016179,0.032022
1555578373,215868949,0.099999,-0.000012,-1.396305,1.919902,-2.094420,-1.570846,-0.000336,0.000005,0.000000,0.000000,0.015148,-0.044653,-0.021596,-0.044030
1555578373,225867033,0.099999,-0.000024,-1.396318,1.919914,-2.094432,-1.570870,-0.000336,0.000005,0.000000,0.000000,-0.004781,-0.034011,-0.021596,-0.039236
1555578373,235881090,0.100001,0.000012,-1.396258,1.919902,-2.094420,-1.570654,-0.000156,-0.000077,0.000000,0.000000,-0.002416,0.027324,0.021596,0.030488
1555578373,245873928,0.100001,-0.000024,-1.396282,1.919938,-2.094432,-1.570894,-0.000347,-0.000077,0.000000,0.000000,0.002518,-0.023825,-0.025910,0.003859
1555578373,255887985,0.100001,-0.000012,-1.396329,1.919902,-2.094479,-1.570666,-0.000287,-0.000077,0.000000,0.000000,-0.002697,0.021548,0.025910,-0.049759
1555578373,265872955,0.100001,0.000012,-1.396305,1.919926,-2.094479,-1.570654,-0.000336,-0.000077,0.000000,0.000000,-0.002314,0.038661,0.032381,-0.043191
1555578373,275882005,0.100001,0.000024,-1.396270,1.919902,-2.094432,-1.570870,-0.000252,-0.000077,0.000000,0.000000,0.002314,-0.042951,-0.032381,0.032381
1555578373,285878896,0.100001,0.000012,-1.396245,1.919926,-2.094420,-1.570702,-0.000443,0.000006,0.000000,0.000000,-0.022818,0.035881,0.035857,-0.025910
1555578373,295862913,0.100001,0.000036,-1.396305,1.919914,-2.094456,-1.570834,-0.000311,0.000006,0.000000,0.000000,0.023764,-0.028163,-0.023106,-0.030512
1555578373,305876970,0.100001,0.000024,-1.396329,1.919938,-2.094444,-1.570822,-0.000324,0.000006,0.000000,0.000000,0.024109,-0.020133,-0.034467,-0.043982
1555578373,315874099,0.100001,0.000024,-1.396245,1.919890,-2.094467,-1.570762,-0.000275,0.000006,0.000000,0.000000,-0.024761,0.028187,0.039212,0.043191
1555578373,325860977,0.100001,0.000048,-1.396318,1.919890,-2.094456,-1.570774,-0.000383,0.000006,0.000000,0.000000,0.025145,-0.020709,-0.037559,-0.022746
1555578373,335860013,0.100001,0.000000,-1.396270,1.919914,-2.094504,-1.570738,-0.000252,0.000006,0.000000,0.000000,-0.021552,0.031495,0.034634,0.014046
1555578373,346029043,0.100000,0.000000,-1.396258,1.919926,-2.094528,-1.570798,-0.000383,0.000081,0.000000,0.000000,-0.016171,0.034634,0.022962,-0.053761
1555578373,355870008,0.100000,0.000036,-1.396282,1.919926,-2.094528,-1.570762,-0.000240,0.000081,0.000000,0.000000,0.001892,-0.036073,0.011361,0.043191
1555578373,365865945,0.100000,-0.000036,-1.396329,1.919938,-2.094528,-1.570846,-0.000371,0.000081,0.000000,0.000000,-0.003196,0.028307,-0.012200,-0.017161
1555578373,375870943,0.100000,0.000036,-1.396329,1.919926,-2.094479,-1.570738,-0.000299,0.000081,0.000000,0.000000,-0.004947,-0.028618,0.016179,0.015124
1555578373,385973930,0.100000,0.000000,-1.396270,1.919914,-2.094516,-1.570714,-0.000383,0.000081,0.000000,0.000000,0.002263,-0.021164,0.025910,-0.052635
1555578373,395862102,0.100001,0.000012,-1.396293,1.919938,-2.094492,-1.570954,-0.000275,0.000079,0.000000,0.000000,-0.002084,0.027204,-0.025910,0.041250
1555578373,405855894,0.100001,0.000012,-1.396282,1.919950,-2.094444,-1.570750,-0.000371,0.000079,0.000000,0.000000,0.024659,-0.027827,0.021596,-0.032381
1555578373,415879964,0.100001,0.000036,-1.396329,1.919902,-2.094492,-1.570954,-0.000275,0.000079,0.000000,0.000000,-0.023380,0.020613,-0.018504,0.018384
1555578373,425848007,0.100001,0.000048,-1.396282,1.919926,-2.094479,-1.570966,-0.000324,0.000079,0.000000,0.000000,-0.017730,0.023154,-0.018504,-0.039620
1555578373,435858011,0.100001,-0.000024,-1.396293,1.919926,-2.094467,-1.570738,-0.000252,0.000079,0.000000,0.000000,0.017398,-0.019414,0.021596,0.042975
1555578373,445868968,0.100001,-0.000012,-1.396305,1.919961,-2.094600,-1.570942,-0.000359,0.000035,0.000000,0.000000,-0.015225,-0.007119,-0.025910,-0.025910
1555578373,455873966,0.100001,0.000012,-1.396270,1.919890,-2.094408,-1.570714,-0.000215,0.000035,0.000000,0.000000,-0.005356,-0.003523,0.025910,0.021979
1555578373,465877056,0.100001,0.000000,-1.396305,1.919902,-2.094456,-1.570762,-0.000299,0.000035,0.000000,0.000000,0.002493,-0.046115,0.025910,-0.044653
1555578373,475864887,0.100001,-0.000036,-1.396305,1.919902,-2.094600,-1.570942,-0.000311,0.000035,0.000000,0.000000,-0.002953,0.040818,-0.032381,0.043958
1555578373,487149000,0.100001,0.000012,-1.396342,1.919926,-2.094563,-1.570726,-0.000431,0.000035,0.000000,0.000000,0.002544,-0.022147,0.028403,-0.042041
1555578373,495871067,0.100001,0.000012,-1.396305,1.919926,-2.094516,-1.570918,-0.000240,0.000035,0.000000,0.000000,-0.002288,0.028067,-0.032381,0.021596
1555578373,505866050,0.100001,0.000012,-1.396329,1.919926,-2.094492,-1.570882,-0.000299,0.000033,0.000000,0.000000,-0.002327,0.018504,-0.030847,-0.035689
1555578373,515866994,0.100001,0.000000,-1.396305,1.919914,-2.094528,-1.570762,-0.000359,0.000033,0.000000,0.000000,0.024467,-0.013686,0.024280,0.041777
1555578373,525862932,0.100001,0.000024,-1.396318,1.919938,-2.094444,-1.570918,-0.000395,0.000033,0.000000,0.000000,-0.024595,0.009372,-0.027204,-0.042328
1555578373,535859107,0.100001,0.000000,-1.396305,1.919938,-2.094528,-1.570762,-0.000275,0.000033,0.000000,0.000000,0.024914,0.029409,0.025910,0.032381
1555578373,545852899,0.100001,0.000012,-1.396305,1.919938,-2.094396,-1.570870,-0.000287,0.000033,0.000000,0.000000,0.022000,0.032381,0.035353,-0.004027
1555578373,555859088,0.099999,0.000012,-1.396270,1.919926,-2.094563,-1.570774,-0.000359,-0.000084,0.000000,0.000000,-0.019750,-0.011840,-0.004099,0.050525
1555578373,565860986,0.099999,0.000048,-1.396329,1.919914,-2.094348,-1.570894,-0.000431,-0.000084,0.000000,0.000000,0.017487,-0.044222,0.003763,-0.043455
1555578373,575856924,0.099999,0.000024,-1.396270,1.919914,-2.094420,-1.570750,-0.000299,-0.000084,0.000000,0.000000,-0.014113,0.047889,-0.021883,0.032381
1555578373,585860967,0.099999,0.000000,-1.396293,1.919890,-2.094372,-1.570738,-0.000311,-0.000084,0.000000,0.000000,-0.015314,0.030752,0.014381,-0.048632
1555578373,595879077,0.099999,0.000024,-1.396329,1.919866,-2.094420,-1.570930,-0.000336,-0.000084,0.000000,0.000000,0.022128,-0.032381,-0.025311,0.052491
1555578373,605864048,0.099999,0.000024,-1.396329,1.919926,-2.094384,-1.570774,-0.000431,-0.000083,0.000000,0.000000,-0.022358,0.025311,0.014381,-0.044270
1555578373,615849971,0.099999,0.000000,-1.396305,1.919890,-2.094467,-1.570906,-0.000287,-0.000083,0.000000,0.000000,0.025387,-0.021404,-0.026629,0.019678
1555578373,625848054,0.099999,0.000048,-1.396258,1.919938,-2.094396,-1.570858,-0.000359,-0.000083,0.000000,0.000000,0.017973,-0.023681,-0.035282,-0.047458
1555578373,635840892,0.099999,0.000012,-1.396342,1.919926,-2.094516,-1.570846,-0.000299,-0.000083,0.000000,0.000000,-0.001879,0.035210,0.037367,0.039284
1555578373,645812034,0.099999,0.000060,-1.396258,1.919914,-2.094336,-1.570858,-0.000408,-0.000083,0.000000,0.000000,0.002033,-0.040123,-0.035114,-0.042256
1555578373,655885934,0.099999,0.000048,-1.396305,1.919950,-2.094528,-1.570894,-0.000264,-0.000083,0.000000,0.000000,-0.002480,0.035473,0.039548,0.032381
1555578373,665868043,0.099999,-0.000012,-1.396270,1.919890,-2.094551,-1.570894,-0.000359,-0.000006,0.000000,0.000000,-0.022741,0.028115,0.039572,-0.031926
1555578373,675869941,0.099999,0.000048,-1.396305,1.919950,-2.094467,-1.570798,-0.000371,-0.000006,0.000000,0.000000,0.023700,-0.021476,-0.026221,0.043311
1555578373,685861110,0.099999,0.000024,-1.396293,1.919926,-2.094588,-1.570906,-0.000359,-0.000006,0.000000,0.000000,-0.022971,0.025407,-0.011697,-0.035905
1555578373,695864915,0.099999,0.000036,-1.396329,1.919926,-2.094432,-1.570786,-0.000311,-0.000006,0.000000,0.000000,0.021821,-0.003260,0.014381,0.041250
1555578373,705862998,0.099999,0.000036,-1.396258,1.919914,-2.094528,-1.570810,-0.000252,-0.000006,0.000000,0.000000,0.022639,-0.040459,0.012943,-0.005369
1555578373,715873003,0.099999,-0.000024,-1.396293,1.919974,-2.094467,-1.570942,-0.000347,0.000007,0.000000,0.000000,-0.022665,0.036456,-0.032381,0.049567
1555578373,725863933,0.099999,0.000000,-1.396305,1.919902,-2.094551,-1.570774,-0.000347,0.000007,0.000000,0.000000,0.024531,-0.033867,0.025910,-0.040315
1555578373,735865116,0.099999,0.000000,-1.396282,1.919938,-2.094492,-1.571014,-0.000264,0.000007,0.000000,0.000000,-0.024633,0.029601,-0.032381,0.046235
1555578373,746035099,0.099999,0.000012,-1.396318,1.919914,-2.094551,-1.570942,-0.000228,0.000007,0.000000,0.000000,-0.023521,0.020661,0.004482,-0.005297
1555578373,755867004,0.099999,0.000024,-1.396329,1.919926,-2.094479,-1.570882,-0.000324,0.000007,0.000000,0.000000,0.023547,-0.032501,-0.023801,0.047721
1555578373,765856981,0.100001,-0.000012,-1.396270,1.919902,-2.094588,-1.570906,-0.000336,-0.000081,0.000000,0.000000,-0.023789,0.026365,0.033532,-0.038517
1555578373,775917053,0.100001,-0.000012,-1.396305,1.919926,-2.094432,-1.570882,-0.000252,-0.000081,0.000000,0.000000,0.022319,-0.029433,-0.039069,0.037487
1555578373,785864114,0.100001,0.000000,-1.396318,1.919914,-2.094479,-1.570978,-0.000203,-0.000081,0.000000,0.000000,0.013908,-0.034395,-0.025910,0.023561
1555578373,795874118,0.100001,-0.000012,-1.396318,1.919938,-2.094467,-1.570786,-0.000299,-0.000081,0.000000,0.000000,-0.017858,0.029098,0.025910,0.052203
1555578373,805871009,0.100001,-0.000012,-1.396282,1.919902,-2.094528,-1.570966,-0.000287,-0.000081,0.000000,0.000000,0.023061,-0.031183,-0.032789,-0.044989
1555578373,815915107,0.100001,0.000024,-1.396245,1.919926,-2.094528,-1.570822,-0.000287,-0.000081,0.000000,0.000000,-0.022332,0.027036,0.032381,0.038397
1555578373,825870037,0.100001,0.000012,-1.396318,1.919902,-2.094504,-1.570798,-0.000287,-0.000077,0.000000,0.000000,-0.022064,0.026245,0.014741,-0.005369
1555578373,835932970,0.100001,0.000012,-1.396258,1.919902,-2.094504,-1.570954,-0.000395,-0.000077,0.000000,0.000000,0.023738,-0.027708,-0.013686,0.003979
1555578373,845860004,0.100001,0.000012,-1.396270,1.919938,-2.094467,-1.570786,-0.000264,-0.000077,0.000000,0.000000,-0.022946,0.024208,0.009683,-0.048201
1555578373,855874061,0.100001,-0.000012,-1.396293,1.919926,-2.094492,-1.570942,-0.000264,-0.000077,0.000000,0.000000,0.022690,-0.022506,-0.016179,0.039716
1555578373,865864038,0.100001,0.000000,-1.396282,1.919902,-2.094396,-1.570894,-0.000275,-0.000077,0.000000,0.000000,0.024288,-0.004266,-0.021596,0.037918
1555578373,875861883,0.099999,0.000048,-1.396293,1.919926,-2.094588,-1.570738,-0.000347,-0.000035,0.000000,0.000000,-0.022524,0.028115,0.025431,0.004985
1555578373,885857105,0.099999,0.000012,-1.396305,1.919902,-2.094420,-1.570930,-0.000311,-0.000035,0.000000,0.000000,0.021872,-0.044438,-0.026030,-0.047170
1555578373,895872116,0.099999,-0.000012,-1.396305,1.919902,-2.094539,-1.570774,-0.000324,-0.000035,0.000000,0.000000,-0.021961,0.042736,0.024759,0.043407
1555578373,905874013,0.099999,0.000036,-1.396329,1.919878,-2.094456,-1.570762,-0.000287,-0.000035,0.000000,0.000000,-0.002237,0.034155,0.025982,0.016179
1555578373,915875911,0.099999,0.000000,-1.396293,1.919890,-2.094444,-1.570822,-0.000431,-0.000035,0.000000,0.000000,0.023649,-0.026437,-0.020924,-0.015316
1555578373,925858974,0.099999,0.000012,-1.396270,1.919902,-2.094479,-1.570882,-0.000299,0.000007,0.000000,0.000000,-0.022230,0.032166,0.003020,-0.026605
1555578373,935874938,0.099999,0.000036,-1.396282,1.919926,-2.094432,-1.570762,-0.000347,0.000007,0.000000,0.000000,0.023253,-0.026341,-0.003284,0.040483
1555578373,945852041,0.099999,0.000000,-1.396258,1.919926,-2.094432,-1.570774,-0.000287,0.000007,0.000000,0.000000,0.024863,-0.022339,0.016179,0.039332
1555578373,955857992,0.099999,0.000024,-1.396305,1.919950,-2.094528,-1.570930,-0.000443,0.000007,0.000000,0.000000,-0.023495,0.032070,-0.018504,-0.025910
1555578373,965873003,0.099999,0.000012,-1.396318,1.919902,-2.094396,-1.570738,-0.000275,0.000007,0.000000,0.000000,0.024096,-0.041178,0.021596,-0.004003
1555578373,975871086,0.100000,0.000024,-1.396329,1.919926,-2.094528,-1.570942,-0.000299,0.000046,0.000000,0.000000,-0.024441,0.037199,-0.025910,0.050741
1555578373,985873937,0.100000,0.000036,-1.396258,1.919938,-2.094504,-1.570882,-0.000264,0.000046,0.000000,0.000000,-0.019673,0.032693,-0.021596,0.044629
1555578373,995892047,0.100000,0.000000,-1.396234,1.919914,-2.094467,-1.570666,-0.000419,0.000046,0.000000,0.000000,0.021859,-0.028834,0.032381,-0.025910
1555578374,5868911,0.100000,0.000012,-1.396258,1.919950,-2.094467,-1.570810,-0.000275,0.000046,0.000000,0.000000,-0.021821,0.032357,-0.023297,0.020110
1555578374,15855073,0.100000,0.000024,-1.396293,1.919926,-2.094479,-1.570678,-0.000311,0.000046,0.000000,0.000000,0.021898,-0.024040,0.035401,0.034970
1555578374,25861978,0.100000,0.000012,-1.396282,1.919950,-2.094479,-1.570726,-0.000287,0.000046,0.000000,0.000000,0.025093,-0.022578,0.027156,0.038206
1555578374,35868883,0.100000,0.000036,-1.396305,1.919902,-2.094456,-1.570798,-0.000395,0.000006,0.000000,0.000000,-0.024825,0.030368,-0.035737,-0.032381
1555578374,45876979,0.100000,0.000000,-1.396270,1.919914,-2.094456,-1.570762,-0.000252,0.000006,0.000000,0.000000,0.023304,-0.023705,0.027012,0.015052
1555578374,55882930,0.100000,0.000024,-1.396293,1.919866,-2.094432,-1.570750,-0.000347,0.000006,0.000000,0.000000,-0.017513,0.030344,-0.035377,-0.012679
1555578374,65859079,0.100000,0.000036,-1.396258,1.919938,-2.094528,-1.570726,-0.000264,0.000006,0.000000,0.000000,-0.014471,0.036935,-0.037127,0.052371
1555578374,75870037,0.100000,0.000012,-1.396258,1.919950,-2.094551,-1.570810,-0.000359,0.000006,0.000000,0.000000,0.016414,-0.037798,0.038541,-0.041465
1555578374,85849046,0.100000,0.000024,-1.396305,1.919938,-2.094432,-1.570762,-0.000228,0.000086,0.000000,0.000000,-0.021795,0.021596,-0.036863,0.019390
1555578374,98495960,0.100000,-0.000012,-1.396354,1.919938,-2.094528,-1.570714,-0.000311,0.000086,0.000000,0.000000,0.024096,-0.020349,0.042232,-0.014860
1555578374,105884075,0.100000,0.000000,-1.396293,1.919926,-2.094539,-1.570594,-0.000359,0.000086,0.000000,0.000000,0.025272,-0.015987,0.038781,0.048033
1555578374,118294954,0.100000,0.000036,-1.396318,1.919938,-2.094600,-1.570834,-0.000408,0.000086,0.000000,0.000000,-0.024889,-0.007238,-0.041346,-0.043191
1555578374,125880002,0.100000,0.000024,-1.396282,1.919914,-2.094384,-1.570630,-0.000203,0.000086,0.000000,0.000000,0.021425,-0.003931,0.025910,0.032381
1555578374,135876893,0.100001,0.000036,-1.396329,1.919914,-2.094576,-1.570870,-0.000359,-0.000036,0.000000,0.000000,-0.021655,0.044414,-0.011721,-0.021596
1555578374,145868062,0.100001,0.000000,-1.396293,1.919938,-2.094600,-1.570798,-0.000299,0.000082,0.000000,0.000000,-0.020185,0.037630,-0.011769,0.049183
1555578374,155922889,0.100001,0.000024,-1.396282,1.919961,-2.094504,-1.570726,-0.000324,0.000082,0.000000,0.000000,0.020606,-0.032333,-0.003667,-0.042256
1555578374,165867090,0.100001,0.000012,-1.396270,1.919878,-2.094516,-1.570774,-0.000240,0.000082,0.000000,0.000000,-0.021182,0.032957,0.003140,0.018456
1555578374,175873994,0.100001,0.000012,-1.396305,1.919926,-2.094504,-1.570642,-0.000347,0.000082,0.000000,0.000000,0.023674,-0.026150,-0.027588,-0.014597
1555578374,185889005,0.100001,0.000024,-1.396282,1.919938,-2.094467,-1.570726,-0.000324,0.000082,0.000000,0.000000,0.021872,-0.042400,-0.043431,0.050502
1555578374,195892095,0.100001,0.000036,-1.396282,1.919926,-2.094516,-1.570858,-0.000299,0.000083,0.000000,0.000000,-0.021680,0.041322,0.026006,-0.036816
1555578374,205840110,0.100001,0.000000,-1.396282,1.919902,-2.094456,-1.570762,-0.000264,0.000083,0.000000,0.000000,0.022920,-0.040650,-0.024136,0.036408
1555578374,215879917,0.100001,-0.000012,-1.396282,1.919926,-2.094492,-1.570882,-0.000359,0.000083,0.000000,0.000000,-0.023777,0.030416,0.002780,-0.018456
1555578374,225883960,0.100001,0.000048,-1.396282,1.919902,-2.094492,-1.570882,-0.000275,0.000083,0.000000,0.000000,-0.023010,0.026797,0.003404,0.003859
1555578374,235871076,0.100001,0.000012,-1.396329,1.919926,-2.094444,-1.570690,-0.000240,0.000083,0.000000,0.000000,0.024582,-0.019127,-0.003475,-0.045061
1555578374,245920896,0.100001,0.000024,-1.396293,1.919926,-2.094539,-1.570834,-0.000252,0.000080,0.000000,0.000000,-0.025426,0.018048,-0.014141,0.034299
1555578374,255852937,0.100001,0.000000,-1.396293,1.919926,-2.094467,-1.570762,-0.000359,0.000080,0.000000,0.000000,0.023138,0.007143,0.014932,-0.032381
1555578374,265899896,0.100001,0.000012,-1.396293,1.919926,-2.094396,-1.570666,-0.000336,0.000080,0.000000,0.000000,0.017871,-0.003859,0.021596,0.040195
1555578374,276325941,0.100001,0.000024,-1.396270,1.919926,-2.094576,-1.570870,-0.000275,0.000080,0.000000,0.000000,-0.021552,-0.008796,-0.027708,-0.044461
1555578374,285875082,0.100001,0.000048,-1.396329,1.919926,-2.094420,-1.570702,-0.000264,0.000080,0.000000,0.000000,0.020491,-0.003427,0.030584,0.038685
1555578374,295865058,0.100001,0.000036,-1.396305,1.919926,-2.094516,-1.570822,-0.000336,0.000047,0.000000,0.000000,-0.002518,0.041681,-0.034634,-0.032381
1555578374,305860042,0.100001,0.000048,-1.396329,1.919914,-2.094467,-1.570678,-0.000359,0.000047,0.000000,0.000000,-0.002237,0.027899,-0.030440,0.039021
1555578374,315869092,0.100001,0.000000,-1.396329,1.919878,-2.094479,-1.570798,-0.000287,0.000047,0.000000,0.000000,0.002007,-0.031998,0.029409,-0.046475
1555578374,325874090,0.100001,0.000000,-1.396354,1.919938,-2.094504,-1.570642,-0.000215,0.000047,0.000000,0.000000,-0.025004,0.025502,-0.033340,0.043095
1555578374,335895061,0.100001,-0.000012,-1.396282,1.919914,-2.094479,-1.570810,-0.000359,0.000047,0.000000,0.000000,0.025311,-0.023345,0.027708,-0.032381
1555578374,345864057,0.100001,-0.000012,-1.396293,1.919926,-2.094492,-1.570678,-0.000311,0.000047,0.000000,0.000000,0.020185,-0.021835,0.041154,0.036744
1555578374,355869054,0.100001,0.000012,-1.396318,1.919950,-2.094588,-1.570810,-0.000275,0.000085,0.000000,0.000000,-0.020862,0.021715,-0.040435,-0.042975
1555578374,365869998,0.100001,-0.000012,-1.396305,1.919914,-2.094432,-1.570582,-0.000180,0.000085,0.000000,0.000000,0.020453,-0.003284,0.021140,0.035353
1555578374,375866889,0.100001,0.000000,-1.396305,1.919950,-2.094539,-1.570810,-0.000359,0.000085,0.000000,0.000000,-0.019584,0.040483,0.005393,-0.032381
1555578374,385881900,0.100001,0.000012,-1.396318,1.919926,-2.094504,-1.570762,-0.000311,0.000085,0.000000,0.000000,-0.022946,0.028211,0.031447,0.031135
1555578374,395884990,0.100001,0.000000,-1.396305,1.919926,-2.094467,-1.570678,-0.000311,0.000085,0.000000,0.000000,0.024032,-0.021811,-0.042856,-0.052826
1555578374,405888080,0.100001,0.000036,-1.396282,1.919890,-2.094588,-1.570630,-0.000287,0.000084,0.000000,0.000000,-0.024109,0.032909,0.041657,0.044438
1555578374,415879964,0.100001,-0.000024,-1.396293,1.919926,-2.094444,-1.570786,-0.000311,0.000084,0.000000,0.000000,0.024569,-0.038469,-0.041417,-0.032381
1555578374,425875902,0.100001,0.000036,-1.396270,1.919950,-2.094444,-1.570858,-0.000336,0.000084,0.000000,0.000000,0.025183,-0.037870,-0.025910,0.033388
1555578374,435882091,0.100001,0.000000,-1.396270,1.919926,-2.094563,-1.570594,-0.000336,0.000084,0.000000,0.000000,-0.024633,0.038086,0.021596,-0.046451
1555578374,445882081,0.100001,0.000012,-1.396270,1.919914,-2.094539,-1.570810,-0.000347,0.000084,0.000000,0.000000,0.025247,-0.035138,-0.018504,0.043862
1555578374,455874919,0.100001,0.000024,-1.396270,1.919926,-2.094539,-1.570630,-0.000408,0.000036,0.000000,0.000000,-0.024953,0.033196,-0.004218,-0.043191
1555578374,465888023,0.100001,-0.000012,-1.396282,1.919938,-2.094492,-1.570750,-0.000299,0.000036,0.000000,0.000000,0.025515,-0.022866,0.003547,0.025910
1555578374,475980997,0.100001,0.000012,-1.396282,1.919890,-2.094420,-1.570642,-0.000287,0.000036,0.000000,0.000000,0.014368,-0.003404,0.046091,-0.033676
1555578374,485950946,0.100001,-0.000024,-1.396305,1.919938,-2.094563,-1.570714,-0.000395,0.000036,0.000000,0.000000,-0.017155,0.040315,-0.032381,0.055966
1555578374,496002912,0.100001,-0.000048,-1.396329,1.919926,-2.094456,-1.570594,-0.000408,0.000036,0.000000,0.000000,0.002211,-0.043191,0.021596,-0.043647
1555578374,505898952,0.100001,0.000024,-1.396329,1.919914,-2.094479,-1.570678,-0.000408,0.000036,0.000000,0.000000,0.022077,-0.032094,-0.049183,-0.015579
1555578374,517622947,0.100001,-0.000024,-1.396293,1.919914,-2.094516,-1.570786,-0.000336,0.000036,0.000000,0.000000,-0.023457,0.023729,0.037127,-0.003547
1555578374,525868892,0.100001,0.000012,-1.396305,1.919950,-2.094528,-1.570726,-0.000311,0.000036,0.000000,0.000000,0.024390,-0.026245,-0.042880,0.049471
1555578374,535872936,0.100001,-0.000024,-1.396293,1.919926,-2.094600,-1.570846,-0.000371,0.000036,0.000000,0.000000,-0.023495,0.025718,0.027899,-0.044006
1555578374,545928955,0.100001,-0.000012,-1.396305,1.919938,-2.094588,-1.570882,-0.000443,0.000036,0.000000,0.000000,-0.024199,-0.007694,0.003475,-0.031974
1555578374,555895090,0.100001,-0.000012,-1.396305,1.919926,-2.094420,-1.570774,-0.000324,0.000036,0.000000,0.000000,0.019750,-0.003931,-0.041609,-0.004554
1555578374,565875053,0.100001,0.000012,-1.396258,1.919926,-2.094600,-1.570918,-0.000371,0.000035,0.000000,0.000000,-0.020274,0.036863,0.031806,0.050454
1555578374,575875997,0.100001,0.000024,-1.396282,1.919878,-2.094492,-1.570894,-0.000383,0.000035,0.000000,0.000000,0.020223,-0.043575,-0.041154,-0.042520
1555578374,585870981,0.100001,0.000036,-1.396293,1.919914,-2.094504,-1.570990,-0.000431,0.000035,0.000000,0.000000,0.018587,-0.038877,-0.032381,-0.025910
1555578374,595865011,0.100001,-0.000012,-1.396318,1.919926,-2.094504,-1.570858,-0.000299,0.000035,0.000000,0.000000,-0.018127,0.028786,0.025838,-0.004027
1555578374,605912923,0.100001,0.000036,-1.396305,1.919914,-2.094528,-1.570966,-0.000371,0.000035,0.000000,0.000000,-0.004743,-0.028882,-0.016179,0.048776
1555578374,615863084,0.099999,0.000024,-1.396354,1.919902,-2.094467,-1.570762,-0.000431,-0.000045,0.000000,0.000000,-0.002557,0.025910,0.014645,-0.030488
1555578374,625874996,0.099999,-0.000012,-1.396354,1.919914,-2.094444,-1.570726,-0.000383,-0.000045,0.000000,0.000000,-0.020287,0.018504,0.016179,0.005848
1555578374,635863065,0.099999,0.000024,-1.396293,1.919902,-2.094588,-1.570918,-0.000347,-0.000045,0.000000,0.000000,0.022204,-0.020805,-0.021596,-0.042664
1555578374,645865917,0.099999,0.000024,-1.396258,1.919938,-2.094444,-1.570774,-0.000395,-0.000045,0.000000,0.000000,-0.024032,0.025910,0.018504,0.043431
1555578374,655864000,0.099999,0.000000,-1.396293,1.919902,-2.094563,-1.570894,-0.000419,-0.000045,0.000000,0.000000,0.025439,-0.021596,0.004362,-0.037343
1555578374,665900945,0.100001,0.000024,-1.396342,1.919938,-2.094479,-1.570858,-0.000395,0.000084,0.000000,0.000000,0.021361,0.026150,-0.013159,0.004386
1555578374,675858020,0.099999,0.000000,-1.396293,1.919878,-2.094516,-1.570726,-0.000347,-0.000087,0.000000,0.000000,-0.022511,-0.046786,0.014381,-0.051173
1555578374,685887098,0.099999,0.000000,-1.396270,1.919914,-2.094372,-1.570942,-0.000336,-0.000087,0.000000,0.000000,0.020440,0.032381,-0.021596,0.052946
1555578374,695868015,0.099999,-0.000024,-1.396329,1.919950,-2.094528,-1.570786,-0.000408,-0.000087,0.000000,0.000000,-0.017104,-0.017137,-0.004506,-0.035377
1555578374,705876111,0.099999,0.000036,-1.396293,1.919926,-2.094444,-1.570786,-0.000431,-0.000087,0.000000,0.000000,-0.016963,0.046930,-0.003595,0.005081
1555578374,715873956,0.099999,-0.000036,-1.396282,1.919914,-2.094504,-1.570942,-0.000359,-0.000087,0.000000,0.000000,0.014739,-0.033963,0.026413,-0.031015
1555578374,725914001,0.099999,0.000036,-1.396270,1.919938,-2.094420,-1.570762,-0.000311,-0.000007,0.000000,0.000000,-0.015647,0.036600,-0.004722,0.037870
1555578374,735929965,0.099999,-0.000036,-1.396282,1.919902,-2.094456,-1.570882,-0.000443,-0.000007,0.000000,0.000000,0.015122,-0.031039,0.042017,-0.041681
1555578374,745871067,0.099999,0.000036,-1.396293,1.919890,-2.094467,-1.570846,-0.000431,-0.000007,0.000000,0.000000,0.019124,-0.027132,0.037846,0.004075
1555578374,755832910,0.099999,0.000000,-1.396258,1.919926,-2.094408,-1.570906,-0.000324,-0.000007,0.000000,0.000000,-0.021246,0.030775,-0.036576,-0.051532
1555578374,765877008,0.099999,0.000048,-1.396329,1.919890,-2.094528,-1.570822,-0.000395,-0.000007,0.000000,0.000000,0.023636,-0.027300,0.028690,0.050909
1555578374,775870084,0.099999,0.000000,-1.396305,1.919950,-2.094467,-1.570978,-0.000408,-0.000036,0.000000,0.000000,-0.023726,0.018504,-0.036120,-0.036935
1555578374,785995006,0.099999,0.000036,-1.396293,1.919914,-2.094467,-1.571026,-0.000395,-0.000036,0.000000,0.000000,-0.023432,0.017257,-0.018504,0.004602
1555578374,795866012,0.099999,0.000012,-1.396258,1.919890,-2.094539,-1.570822,-0.000299,-0.000036,0.000000,0.000000,0.021079,-0.016059,0.021596,-0.033052
1555578374,805895090,0.099999,0.000072,-1.396282,1.919902,-2.094504,-1.570978,-0.000287,-0.000036,0.000000,0.000000,-0.015020,0.019822,0.006543,0.035905
1555578374,815859079,0.099999,0.000036,-1.396293,1.919926,-2.094479,-1.570846,-0.000419,-0.000036,0.000000,0.000000,0.021297,-0.022794,-0.004194,-0.031542
1555578374,825869083,0.099999,0.000024,-1.396234,1.919926,-2.094444,-1.570894,-0.000479,-0.000036,0.000000,0.000000,0.022409,-0.037391,-0.033915,-0.021596
1555578374,835860013,0.100000,0.000000,-1.396270,1.919914,-2.094623,-1.570810,-0.000287,-0.000081,0.000000,0.000000,-0.023828,0.032381,0.041993,-0.004075
1555578374,845885992,0.100000,0.000000,-1.396318,1.919878,-2.094420,-1.570858,-0.000371,-0.000081,0.000000,0.000000,0.015148,-0.037535,-0.036288,0.051412
1555578374,855870962,0.100000,0.000012,-1.396293,1.919938,-2.094492,-1.570750,-0.000371,-0.000081,0.000000,0.000000,-0.017513,0.027132,0.038110,-0.043958
1555578374,865921020,0.100000,0.000024,-1.396258,1.919926,-2.094600,-1.570858,-0.000419,-0.000081,0.000000,0.000000,-0.002250,0.045780,0.037031,-0.021596
1555578374,875861883,0.100000,-0.000024,-1.396282,1.919938,-2.094432,-1.570858,-0.000383,-0.000081,0.000000,0.000000,0.001943,-0.041513,-0.032405,-0.004314
1555578374,885869026,0.099999,0.000000,-1.396305,1.919926,-2.094551,-1.570846,-0.000359,-0.000083,0.000000,0.000000,-0.002263,0.029913,0.028403,0.049255
1555578374,895868062,0.099999,0.000048,-1.396270,1.919914,-2.094456,-1.570798,-0.000371,-0.000083,0.000000,0.000000,0.023547,-0.030512,-0.022578,-0.039740
1555578374,905864953,0.099999,0.000012,-1.396305,1.919950,-2.094504,-1.570810,-0.000419,-0.000083,0.000000,0.000000,0.024672,-0.023321,-0.005417,-0.021596
1555578374,915864944,0.099999,-0.000012,-1.396282,1.919938,-2.094504,-1.570882,-0.000359,-0.000083,0.000000,0.000000,-0.025004,0.026581,-0.009396,-0.004626
1555578374,925869941,0.099999,-0.000012,-1.396342,1.919914,-2.094504,-1.570702,-0.000299,-0.000083,0.000000,0.000000,0.026090,-0.024328,0.017833,0.050190
1555578374,935822010,0.099999,0.000000,-1.396245,1.919890,-2.094420,-1.570906,-0.000455,-0.000081,0.000000,0.000000,-0.025081,0.024328,-0.012464,-0.043263
1555578374,945863008,0.099999,0.000024,-1.396305,1.919926,-2.094516,-1.570882,-0.000455,-0.000081,0.000000,0.000000,-0.018011,0.025287,-0.018504,-0.023537
1555578374,955862998,0.099999,-0.000024,-1.396282,1.919890,-2.094551,-1.570630,-0.000408,-0.000081,0.000000,0.000000,0.022498,-0.020181,0.021596,-0.033676
1555578374,965853929,0.099999,0.000012,-1.396305,1.919926,-2.094528,-1.570870,-0.000371,-0.000081,0.000000,0.000000,-0.022345,0.021260,-0.030009,0.050022
1555578374,975883007,0.099999,-0.000012,-1.396282,1.919914,-2.094420,-1.570654,-0.000395,-0.000081,0.000000,0.000000,0.022882,0.006783,0.021596,-0.038062
1555578374,985871076,0.099999,0.000012,-1.396282,1.919878,-2.094408,-1.570690,-0.000467,-0.000081,0.000000,0.000000,0.016605,-0.003380,0.021596,-0.025910
1555578374,995857954,0.099999,-0.000012,-1.396305,1.919878,-2.094611,-1.570894,-0.000299,-0.000077,0.000000,0.000000,-0.014650,0.004171,-0.014381,-0.033388
1555578375,5856990,0.099999,0.000036,-1.396293,1.919890,-2.094420,-1.570618,-0.000324,-0.000077,0.000000,0.000000,0.014982,-0.029289,0.016275,0.044438
1555578375,15868902,0.099999,0.000012,-1.396354,1.919926,-2.094528,-1.570798,-0.000371,-0.000077,0.000000,0.000000,0.005778,0.030344,-0.021596,-0.040003
1555578375,25871038,0.099999,0.000024,-1.396270,1.919890,-2.094563,-1.570786,-0.000359,-0.000077,0.000000,0.000000,-0.002365,0.027899,0.045971,-0.018120
1555578375,35875082,0.099999,-0.000012,-1.396305,1.919878,-2.094456,-1.570738,-0.000311,-0.000077,0.000000,0.000000,0.001943,-0.021284,-0.044917,0.014836
1555578375,45876026,0.099999,0.000084,-1.396305,1.919926,-2.094528,-1.570666,-0.000336,0.000005,0.000000,0.000000,-0.001969,0.020805,0.036983,0.043431
1555578375,55828094,0.099999,0.000012,-1.396270,1.919902,-2.094479,-1.570858,-0.000336,0.000005,0.000000,0.000000,0.002045,-0.018647,-0.042232,-0.052323
1555578375,65875053,0.099999,0.000012,-1.396258,1.919866,-2.094432,-1.570822,-0.000408,0.000005,0.000000,0.000000,0.014662,-0.003715,-0.021596,-0.015939
1555578375,75862884,0.099999,-0.000012,-1.396305,1.919926,-2.094611,-1.570606,-0.000324,0.000005,0.000000,0.000000,-0.017666,0.036120,-0.003907,-0.003763
1555578375,85860013,0.099999,-0.000012,-1.396342,1.919878,-2.094420,-1.570822,-0.000383,0.000005,0.000000,0.000000,0.003298,-0.040962,0.032238,0.048944
1555578375,95880985,0.100001,0.000000,-1.396293,1.919914,-2.094504,-1.570702,-0.000383,0.000085,0.000000,0.000000,0.004640,0.037391,-0.030368,-0.049902
1555578375,105886936,0.100001,-0.000024,-1.396318,1.919926,-2.094528,-1.570738,-0.000455,0.000085,0.000000,0.000000,0.004922,0.024304,-0.029050,-0.043191
1555578375,115864992,0.100001,0.000024,-1.396329,1.919926,-2.094467,-1.570834,-0.000275,0.000085,0.000000,0.000000,0.002851,-0.016179,0.003595,0.020781
1555578375,128791093,0.100001,0.000048,-1.396354,1.919938,-2.094432,-1.570690,-0.000408,0.000085,0.000000,0.000000,-0.002915,-0.036456,-0.005944,0.032118
1555578375,135867118,0.100001,0.000012,-1.396305,1.919914,-2.094504,-1.570834,-0.000336,0.000085,0.000000,0.000000,0.003285,0.052683,-0.007646,-0.041513
1555578375,146013975,0.100001,-0.000036,-1.396329,1.919866,-2.094300,-1.570822,-0.000359,0.000085,0.000000,0.000000,-0.004845,0.018504,-0.011769,-0.032381
1555578375,155879020,0.100001,0.000024,-1.396318,1.919961,-2.094647,-1.570642,-0.000240,0.000084,0.000000,0.000000,0.005944,0.006232,0.021596,0.021596
1555578375,165887117,0.100001,0.000012,-1.396270,1.919914,-2.094372,-1.570858,-0.000324,0.000084,0.000000,0.000000,-0.004768,-0.033292,-0.025910,0.003883
1555578375,175868988,0.100001,-0.000048,-1.396329,1.919950,-2.094551,-1.570666,-0.000347,0.000084,0.000000,0.000000,0.005075,0.040507,0.021596,-0.047458
1555578375,185844898,0.100001,-0.000024,-1.396318,1.919902,-2.094504,-1.570702,-0.000419,0.000084,0.000000,0.000000,0.004947,0.025910,0.021596,-0.038086
1555578375,195871114,0.100001,0.000000,-1.396329,1.919902,-2.094528,-1.570894,-0.000215,0.000084,0.000000,0.000000,0.002672,-0.021596,-0.018504,0.025910
1555578375,205950975,0.100001,-0.000024,-1.396318,1.919926,-2.094479,-1.570690,-0.000383,0.000083,0.000000,0.000000,-0.002557,0.026102,-0.004194,0.004123
1555578375,215899944,0.100001,0.000012,-1.396293,1.919902,-2.094492,-1.570870,-0.000252,0.000083,0.000000,0.000000,0.002122,0.032525,0.003140,-0.033508
1555578375,225904941,0.100001,0.000024,-1.396318,1.919914,-2.094300,-1.570870,-0.000359,0.000083,0.000000,0.000000,0.003145,0.025910,0.003188,-0.045109
1555578375,235884904,0.100001,-0.000012,-1.396293,1.919902,-2.094659,-1.570630,-0.000275,0.000083,0.000000,0.000000,0.005139,-0.018504,0.017066,0.033604
1555578375,246104001,0.100001,-0.000012,-1.396305,1.919938,-2.094300,-1.570774,-0.000347,0.000083,0.000000,0.000000,0.002301,0.014836,-0.011361,-0.021596
1555578375,255892992,0.100001,-0.000024,-1.396329,1.919926,-2.094672,-1.570714,-0.000287,0.000077,0.000000,0.000000,0.004653,-0.012440,-0.003140,-0.034083
1555578375,265875101,0.100001,-0.000024,-1.396270,1.919878,-2.094516,-1.570726,-0.000408,0.000077,0.000000,0.000000,0.005139,0.033364,-0.004626,-0.048057
1555578375,275868892,0.100001,-0.000012,-1.396329,1.919890,-2.094360,-1.570858,-0.000203,0.000077,0.000000,0.000000,-0.012566,-0.027204,-0.019223,0.043191
1555578375,286653041,0.100001,0.000012,-1.396258,1.919950,-2.094528,-1.570714,-0.000395,0.000077,0.000000,0.000000,0.010763,0.031590,0.009827,-0.015843
1555578375,295861959,0.100001,0.000036,-1.396258,1.919914,-2.094432,-1.570870,-0.000299,0.000077,0.000000,0.000000,0.002211,-0.022411,-0.014381,0.011433
1555578375,305865049,0.100001,0.000048,-1.396305,1.919914,-2.094492,-1.570906,-0.000347,0.000082,0.000000,0.000000,0.002365,-0.021596,-0.021596,-0.050190
1555578375,315862894,0.100001,0.000024,-1.396293,1.919878,-2.094420,-1.570642,-0.000240,0.000081,0.000000,0.000000,-0.002135,0.013374,0.018504,0.039476
1555578375,325870037,0.100001,0.000012,-1.396329,1.919950,-2.094444,-1.570894,-0.000431,0.000081,0.000000,0.000000,0.023304,0.043671,-0.021596,-0.021763
1555578375,335867881,0.100001,0.000036,-1.396282,1.919926,-2.094576,-1.570690,-0.000252,0.000081,0.000000,0.000000,-0.023189,-0.052203,0.021596,0.011601
1555578375,346632957,0.100001,0.000036,-1.396318,1.919950,-2.094600,-1.570690,-0.000359,0.000081,0.000000,0.000000,-0.019290,0.006495,0.021596,-0.039524
1555578375,355876922,0.100001,0.000000,-1.396342,1.919938,-2.094408,-1.570858,-0.000311,0.000081,0.000000,0.000000,0.018778,-0.031279,-0.021596,0.037367
1555578375,366436004,0.100001,0.000048,-1.396245,1.919926,-2.094539,-1.570666,-0.000395,0.000077,0.000000,0.000000,-0.020376,0.031279,0.018504,-0.035377
1555578375,375864028,0.100001,0.000000,-1.396282,1.919890,-2.094516,-1.570858,-0.000264,0.000077,0.000000,0.000000,0.021386,-0.038445,-0.021596,0.021596
1555578375,385904073,0.100001,0.000012,-1.396282,1.919938,-2.094479,-1.570858,-0.000287,0.000077,0.000000,0.000000,0.022422,-0.033244,-0.021596,-0.029769
1555578375,395862102,0.100001,0.000000,-1.396318,1.919890,-2.094432,-1.570678,-0.000324,0.000077,0.000000,0.000000,-0.022907,0.024328,0.018504,0.038901
1555578375,405875921,0.100001,-0.000036,-1.396258,1.919950,-2.094588,-1.570858,-0.000395,0.000077,0.000000,0.000000,0.023968,-0.027036,-0.021596,-0.029577
1555578375,415858983,0.100000,0.000024,-1.396305,1.919890,-2.094479,-1.570642,-0.000264,-0.000046,0.000000,0.000000,-0.023355,0.018504,0.021596,0.035186
1555578375,425857067,0.100000,0.000036,-1.396305,1.919890,-2.094456,-1.570642,-0.000275,-0.000046,0.000000,0.000000,-0.016925,0.017018,0.021596,-0.006064
1555578375,435868978,0.100000,-0.000012,-1.396305,1.919926,-2.094456,-1.570906,-0.000299,-0.000046,0.000000,0.000000,0.015698,0.007119,-0.021596,0.037846
1555578375,445910930,0.100000,0.000000,-1.396282,1.919938,-2.094600,-1.570666,-0.000347,-0.000046,0.000000,0.000000,-0.013537,-0.009084,0.021596,-0.032309
1555578375,455869913,0.100000,0.000000,-1.396318,1.919890,-2.094396,-1.570930,-0.000287,-0.000046,0.000000,0.000000,0.013819,-0.003883,-0.014285,0.029529
1555578375,465862989,0.100000,0.000000,-1.396305,1.919878,-2.094444,-1.570906,-0.000287,0.000046,0.000000,0.000000,0.012873,-0.030056,-0.021596,-0.005561
1555578375,475877046,0.100000,0.000024,-1.396293,1.919961,-2.094504,-1.570786,-0.000371,0.000081,0.000000,0.000000,-0.017781,0.036168,0.021596,0.045924
1555578375,485871076,0.100000,0.000060,-1.396305,1.919938,-2.094396,-1.570906,-0.000324,0.000081,0.000000,0.000000,0.017117,-0.042688,-0.018504,-0.049399
1555578375,495872020,0.100000,-0.000012,-1.396318,1.919926,-2.094467,-1.570762,-0.000228,0.000081,0.000000,0.000000,-0.018024,0.034946,0.021596,0.044150
1555578375,505873918,0.100000,-0.000012,-1.396318,1.919890,-2.094467,-1.570726,-0.000264,0.000081,0.000000,0.000000,-0.016567,0.032333,0.021596,0.024064
1555578375,515935897,0.100000,0.000036,-1.396305,1.919938,-2.094504,-1.570918,-0.000311,0.000081,0.000000,0.000000,-0.005433,-0.022962,-0.021596,-0.010570
1555578375,525877952,0.099999,0.000000,-1.396270,1.919890,-2.094504,-1.570738,-0.000311,0.000035,0.000000,0.000000,-0.001943,0.021763,0.016179,-0.044941
1555578375,535912036,0.099999,-0.000024,-1.396318,1.919866,-2.094408,-1.570978,-0.000336,0.000035,0.000000,0.000000,0.002390,-0.019606,-0.018504,0.043647
1555578375,545862913,0.099999,0.000024,-1.396258,1.919938,-2.094384,-1.570918,-0.000299,0.000035,0.000000,0.000000,0.002454,0.007742,-0.016179,0.025910
1555578375,555855989,0.099999,-0.000012,-1.396329,1.919926,-2.094576,-1.570714,-0.000443,0.000035,0.000000,0.000000,-0.002033,0.003787,0.014429,0.005657
1555578375,565845966,0.099999,0.000024,-1.396318,1.919890,-2.094384,-1.570906,-0.000311,0.000035,0.000000,0.000000,0.003094,-0.004194,-0.025910,-0.048920
1555578375,575850009,0.100000,0.000024,-1.396293,1.919902,-2.094516,-1.570714,-0.000324,-0.000046,0.000000,0.000000,-0.003068,0.044150,0.035785,0.046882
1555578375,585855960,0.100000,0.000036,-1.396270,1.919926,-2.094432,-1.570690,-0.000359,-0.000046,0.000000,0.000000,-0.002365,0.032381,0.032645,0.014285
1555578375,595843076,0.100000,-0.000024,-1.396293,1.919926,-2.094467,-1.570882,-0.000408,-0.000046,0.000000,0.000000,0.002506,-0.018504,-0.029098,0.029337
1555578375,605885982,0.100000,-0.000012,-1.396318,1.919914,-2.094408,-1.570714,-0.000347,-0.000046,0.000000,0.000000,-0.002544,0.012368,0.034131,-0.043790
1555578375,615844011,0.100000,0.000048,-1.396270,1.919902,-2.094432,-1.570846,-0.000324,-0.000046,0.000000,0.000000,0.023968,-0.009875,-0.037271,0.041657
1555578375,625852108,0.100000,0.000048,-1.396293,1.919950,-2.094420,-1.570822,-0.000324,-0.000046,0.000000,0.000000,0.023291,0.043119,-0.036648,0.018504
1555578375,635870933,0.099999,0.000012,-1.396270,1.919950,-2.094623,-1.570726,-0.000371,-0.000086,0.000000,0.000000,-0.023086,-0.040411,0.035042,0.036240
1555578375,645873069,0.099999,0.000024,-1.396245,1.919914,-2.094264,-1.570810,-0.000347,-0.000086,0.000000,0.000000,0.022856,0.013782,-0.029361,-0.041465
1555578375,655854940,0.099999,0.000024,-1.396329,1.919926,-2.094528,-1.570618,-0.000324,-0.000086,0.000000,0.000000,-0.022575,0.006519,0.035545,0.032381
1555578375,665935993,0.099999,0.000012,-1.396342,1.919938,-2.094492,-1.570642,-0.000324,-0.000086,0.000000,0.000000,-0.024007,0.027827,0.021596,-0.006615
1555578375,675849914,0.099999,0.000012,-1.396293,1.919938,-2.094432,-1.570810,-0.000443,-0.000086,0.000000,0.000000,0.024608,-0.041417,-0.029913,0.004554
1555578375,685889005,0.099997,-0.000036,-1.396282,1.919866,-2.094504,-1.570594,-0.000359,-0.000149,0.000000,0.000000,-0.020351,0.033939,0.025910,-0.049543
1555578375,695853948,0.099997,0.000060,-1.396293,1.919890,-2.094420,-1.570822,-0.000336,-0.000149,0.000000,0.000000,0.023866,-0.034563,-0.016179,0.043191
1555578375,705843925,0.099997,0.000024,-1.396270,1.919902,-2.094444,-1.570774,-0.000252,-0.000149,0.000000,0.000000,0.022856,-0.023849,0.003308,0.025910
1555578375,715914011,0.099997,0.000012,-1.396282,1.919914,-2.094492,-1.570690,-0.000431,-0.000149,0.000000,0.000000,-0.024467,0.032717,-0.043407,0.004218
1555578375,725996017,0.099997,-0.000036,-1.396258,1.919878,-2.094444,-1.570798,-0.000347,-0.000149,0.000000,0.000000,0.018983,-0.027324,-0.008197,-0.051412
1555578375,735846996,0.099996,-0.000024,-1.396305,1.919914,-2.094432,-1.570702,-0.000287,-0.000088,0.000000,0.000000,-0.015647,0.028379,0.010786,0.049711
1555578375,745862007,0.099996,0.000012,-1.396293,1.919866,-2.094479,-1.570738,-0.000287,-0.000088,0.000000,0.000000,-0.018433,0.032957,0.024831,0.013015
1555578375,755856990,0.099996,0.000000,-1.396234,1.919830,-2.094467,-1.570798,-0.000395,-0.000088,0.000000,0.000000,-0.005612,-0.023417,-0.021787,0.030488
1555578375,765856027,0.099996,0.000000,-1.396221,1.919830,-2.094492,-1.570834,-0.000275,-0.000088,0.000000,0.007619,-0.013627,0.031542,0.002684,-0.035449
1555578375,775923013,0.099996,0.000024,-1.396102,1.919758,-2.094456,-1.570714,-0.000275,-0.000088,0.000000,0.007529,-0.007529,-0.022602,-0.004290,0.045013
1555578375,785856962,0.099979,0.000024,-1.396042,1.919710,-2.094504,-1.570642,-0.000203,-0.000438,0.000000,0.011901,-0.006980,-0.026365,0.016179,0.032381
1555578375,795850038,0.099979,-0.000024,-1.395970,1.919662,-2.094467,-1.570846,-0.000383,-0.000438,0.000000,0.013333,0.003745,0.026845,0.004242,-0.017257
1555578375,805862903,0.099979,0.000048,-1.395802,1.919567,-2.094539,-1.570654,-0.000275,-0.000438,0.000000,0.016580,-0.012566,-0.016874,0.011553,0.012416
1555578375,815866947,0.099979,-0.000024,-1.395683,1.919423,-2.094444,-1.570726,-0.000275,-0.000438,0.000000,0.010559,-0.012170,0.025910,0.032525,0.046978
1555578375,825851917,0.099979,0.000036,-1.395383,1.919147,-2.094492,-1.570534,-0.000131,-0.000438,0.000000,0.015621,-0.018804,-0.047026,0.044294,0.043191
1555578375,835823059,0.099944,0.000036,-1.395383,1.919147,-2.094492,-1.570534,-0.000131,-0.000790,0.000000,0.015621,-0.018804,-0.047026,0.044294,0.043191
1555578375,845856904,0.099944,0.000012,-1.395119,1.918777,-2.094659,-1.570594,-0.000168,-0.000790,0.000000,0.019405,-0.022933,-0.032381,-0.042688,-0.003931
1555578375,855850934,0.099944,0.000012,-1.394916,1.918549,-2.094467,-1.570606,-0.000203,-0.000790,0.000000,0.021731,-0.026001,0.032381,0.044006,0.040650
1555578375,865885972,0.099944,0.000024,-1.394497,1.918154,-2.094588,-1.570450,-0.000096,-0.000790,0.000000,0.025784,-0.030974,-0.003979,0.016179,0.035425
1555578375,875888109,0.099944,0.000036,-1.394257,1.917902,-2.094647,-1.570606,-0.000228,-0.000790,0.000000,0.037557,-0.037327,0.038781,0.039740,-0.016610
1555578375,885869979,0.099887,0.000024,-1.394006,1.917639,-2.094731,-1.570450,-0.000096,-0.001236,0.000000,0.029836,-0.031191,-0.040770,-0.032885,-0.029337
1555578375,895880937,0.099887,-0.000024,-1.393754,1.917339,-2.094611,-1.570438,-0.000084,-0.001236,0.000000,0.030628,-0.035422,0.021596,0.048800,0.046595
1555578375,905855894,0.099887,-0.000036,-1.393191,1.916765,-2.094647,-1.570378,0.000036,-0.001236,-0.001048,0.034809,-0.039781,0.011361,0.042113,0.032381
1555578375,915883064,0.099887,-0.000048,-1.392820,1.916382,-2.094923,-1.570450,-0.000012,-0.001236,-0.001048,0.046390,-0.049982,-0.016658,-0.021596,-0.020733
1555578375,925899982,0.099887,-0.000036,-1.392473,1.915975,-2.094803,-1.570269,0.000120,-0.001236,-0.001048,0.040446,-0.046927,-0.035761,0.016179,-0.004746
1555578375,935873031,0.099806,-0.000060,-1.392185,1.915651,-2.094911,-1.570341,0.000108,-0.001761,-0.000959,0.040612,-0.046058,0.027276,0.003404,0.049495
1555578375,945873975,0.099806,-0.000180,-1.391383,1.914837,-2.094875,-1.570137,0.000263,-0.001761,-0.007529,0.046633,-0.050110,0.025910,0.048536,0.053522
1555578375,955873012,0.099806,-0.000144,-1.390987,1.914359,-2.095139,-1.570018,0.000275,-0.001761,0.000856,0.060273,-0.063865,-0.032381,-0.004434,-0.020877
1555578375,965864896,0.099806,-0.000156,-1.390472,1.913904,-2.094923,-1.569982,0.000467,-0.001761,-0.001087,0.053152,-0.058496,0.017833,0.028283,0.025910
1555578375,975871086,0.099806,-0.000168,-1.390088,1.913424,-2.095139,-1.569897,0.000371,-0.001761,-0.001087,0.053574,-0.057460,0.005177,-0.003931,-0.018288
1555578375,985907077,0.099680,-0.000335,-1.389106,1.912395,-2.095079,-1.569753,0.000539,-0.002626,-0.010137,0.060273,-0.066524,0.037822,-0.004746,-0.012631
1555578375,995850086,0.099680,-0.000311,-1.388567,1.911761,-2.095342,-1.569729,0.000707,-0.002626,0.001470,0.075485,-0.085967,-0.051508,0.041298,0.018504
1555578376,5883932,0.099680,-0.000287,-1.387944,1.911102,-2.095175,-1.569657,0.000719,-0.002626,0.003017,0.068710,-0.077338,0.021596,0.007622,-0.002181
1555578376,15878915,0.099680,-0.000240,-1.387429,1.910527,-2.095427,-1.569573,0.000862,-0.002626,0.003017,0.069055,-0.076558,-0.031063,0.004554,0.021596
1555578376,25918960,0.099680,-0.000419,-1.386135,1.909126,-2.095427,-1.569501,0.001042,-0.002626,-0.012566,0.074347,-0.083870,-0.011481,0.006160,0.029985
1555578376,35928964,0.099523,-0.000491,-1.385525,1.908384,-2.095451,-1.569381,0.001078,-0.003391,0.009012,0.093892,-0.100898,-0.053450,0.023489,0.008077
1555578376,45881032,0.099523,-0.000467,-1.384770,1.907582,-2.095451,-1.569249,0.001210,-0.003391,-0.001125,0.086223,-0.091157,0.025167,0.008629,0.025670
1555578376,55928945,0.099523,-0.000455,-1.384087,1.906828,-2.095643,-1.569165,0.001365,-0.003391,-0.003451,0.085865,-0.090428,-0.043191,0.017665,0.010666
1555578376,65861940,0.099523,-0.000599,-1.382566,1.905332,-2.095727,-1.568985,0.001617,-0.003391,-0.015148,0.094135,-0.094161,-0.016179,0.008005,0.023897
1555578376,75865983,0.099523,-0.000671,-1.381703,1.904434,-2.095643,-1.568805,0.001593,-0.003391,-0.003758,0.113847,-0.120622,0.015076,0.025910,0.006471
1555578376,85867881,0.099312,-0.000742,-1.380804,1.903524,-2.095835,-1.568805,0.001749,-0.004318,-0.016107,0.103544,-0.105781,-0.025910,0.006136,0.032909
1555578376,95863103,0.099312,-0.000814,-1.380050,1.902638,-2.095703,-1.568613,0.001797,-0.004318,-0.006277,0.104285,-0.110677,0.009755,0.021979,0.006807
1555578376,105861902,0.099312,-0.000946,-1.378277,1.900818,-2.095823,-1.568361,0.002049,-0.004318,-0.015071,0.108120,-0.116646,0.015795,0.031183,0.014333
1555578376,115854024,0.099312,-0.001054,-1.377295,1.899753,-2.096002,-1.568312,0.002049,-0.004318,-0.006788,0.127819,-0.142609,-0.021596,0.007981,0.005489
1555578376,125870943,0.099312,-0.001138,-1.376300,1.898615,-2.095883,-1.568036,0.002276,-0.004318,-0.014240,0.121325,-0.132421,0.023225,0.032693,0.029817
1555578376,135854005,0.099083,-0.001174,-1.375366,1.897573,-2.096146,-1.568001,0.002312,-0.004915,-0.008386,0.120827,-0.135438,-0.029242,0.008844,0.003595
1555578376,145875930,0.099083,-0.001377,-1.373258,1.895287,-2.096254,-1.567448,0.002611,-0.004915,-0.011326,0.128202,-0.139656,-0.018504,0.053593,0.007143
1555578376,155848026,0.099083,-0.001449,-1.372084,1.894006,-2.096326,-1.567016,0.002923,-0.004915,-0.017155,0.155673,-0.164456,-0.038997,0.051412,0.040003
1555578376,165843963,0.099083,-0.001629,-1.370886,1.892736,-2.096422,-1.566584,0.002971,-0.004915,-0.014074,0.145639,-0.149346,-0.011769,0.044629,0.013806
1555578376,176649093,0.099083,-0.001688,-1.369760,1.891540,-2.096505,-1.566344,0.003234,-0.004915,-0.009012,0.143708,-0.152056,-0.040842,0.030895,0.032381
1555578376,185856103,0.098782,-0.001880,-1.367268,1.888930,-2.096698,-1.565875,0.003606,-0.006296,-0.013307,0.150547,-0.160403,-0.042568,0.024040,0.024256
1555578376,195841073,0.098782,-0.002012,-1.365987,1.887529,-2.096745,-1.565707,0.003690,-0.006296,-0.017027,0.173915,-0.189805,-0.012943,0.016754,0.010282
1555578376,205863952,0.098782,-0.002168,-1.364669,1.886117,-2.096757,-1.565695,0.003905,-0.006296,-0.015199,0.162180,-0.176600,-0.022171,0.007502,0.033484
1555578376,215862989,0.098782,-0.002264,-1.363352,1.884644,-2.097033,-1.565491,0.004085,-0.006296,-0.013295,0.161234,-0.181432,-0.014381,0.016706,0.024328
1555578376,225843906,0.098782,-0.002515,-1.360608,1.881591,-2.096986,-1.565335,0.004456,-0.006296,-0.016145,0.167460,-0.185855,-0.022363,0.034467,0.026150
1555578376,235873937,0.098461,-0.002623,-1.359123,1.880023,-2.097177,-1.565167,0.004708,-0.006749,-0.024045,0.198024,-0.216100,-0.012943,0.011769,0.025838
1555578376,245866060,0.098461,-0.002863,-1.357673,1.878298,-2.097213,-1.565131,0.004876,-0.006749,-0.018804,0.187043,-0.201718,-0.009635,0.040722,0.017593
1555578376,255876064,0.098461,-0.002971,-1.356092,1.876658,-2.097393,-1.564950,0.005091,-0.006749,-0.019047,0.185688,-0.203112,-0.031998,0.018504,0.030296
1555578376,265928030,0.098461,-0.003330,-1.352989,1.873318,-2.097453,-1.564542,0.005462,-0.006749,-0.019520,0.198881,-0.213620,-0.004818,0.016179,0.030464
1555578376,275867938,0.098337,-0.003521,-1.351324,1.871414,-2.097645,-1.564278,0.005642,-0.007050,-0.028072,0.218541,-0.243762,-0.009228,0.059681,0.029122
1555578376,285864114,0.098064,-0.003689,-1.349552,1.869535,-2.097608,-1.563918,0.005942,-0.008242,-0.020338,0.210846,-0.232104,0.006064,0.055607,0.027492
1555578376,295919895,0.098064,-0.003868,-1.347887,1.867608,-2.097848,-1.563522,0.006157,-0.008242,-0.023495,0.206474,-0.229918,-0.031135,0.048296,0.036911
1555578376,305881023,0.098064,-0.004276,-1.344448,1.863800,-2.097836,-1.562754,0.006600,-0.008242,-0.024147,0.216700,-0.237192,-0.032094,0.042256,0.029146
1555578376,315881967,0.098064,-0.004444,-1.342652,1.861741,-2.097908,-1.562441,0.006876,-0.008242,-0.029261,0.235837,-0.272154,0.019582,0.032789,0.029289
1555578376,325884103,0.097697,-0.004683,-1.340747,1.859610,-2.097860,-1.562225,0.007056,-0.008320,-0.025298,0.230123,-0.264228,-0.035449,0.033843,0.026797
1555578376,335906028,0.097658,-0.004911,-1.338890,1.857442,-2.097980,-1.561985,0.007295,-0.008406,-0.027011,0.234852,-0.264100,0.003523,0.024759,0.029841
1555578376,345911026,0.097658,-0.005318,-1.335045,1.853205,-2.097944,-1.561637,0.007822,-0.008406,-0.026129,0.239416,-0.266849,0.021596,0.024088,0.031447
1555578376,355868101,0.097658,-0.005522,-1.332985,1.850930,-2.098256,-1.561409,0.008134,-0.008406,-0.028928,0.268472,-0.301696,-0.032238,0.030416,0.039764
1555578376,365870952,0.097658,-0.005761,-1.330889,1.848560,-2.097932,-1.561181,0.008409,-0.008406,-0.025234,0.257709,-0.299484,-0.006639,0.032094,0.032214
1555578376,375875949,0.097415,-0.005988,-1.328828,1.846117,-2.098293,-1.560797,0.008625,-0.009229,-0.026666,0.261199,-0.297618,0.026797,0.049351,0.033412
1555578376,385845899,0.097190,-0.006384,-1.324504,1.841292,-2.098100,-1.559776,0.009152,-0.008936,-0.023917,0.267769,-0.303179,0.031183,0.065170,0.031926
1555578376,395874977,0.097190,-0.006647,-1.322204,1.838802,-2.098364,-1.559248,0.009427,-0.008936,-0.033581,0.300366,-0.332132,-0.045348,0.057500,0.038709
1555578376,405853033,0.097190,-0.006911,-1.319808,1.836096,-2.098268,-1.558900,0.009811,-0.008936,-0.029056,0.291098,-0.328003,0.003092,0.046499,0.042041
1555578376,415957927,0.097190,-0.007138,-1.317425,1.833486,-2.098556,-1.558515,0.010146,-0.008936,-0.030450,0.288018,-0.329998,-0.036720,0.039620,0.036576
1555578376,425860881,0.097086,-0.007606,-1.312609,1.828207,-2.098424,-1.558155,0.010685,-0.009130,-0.030245,0.296557,-0.331890,-0.029050,0.036935,0.036672
1555578376,436029911,0.096694,-0.007893,-1.310201,1.825345,-2.098377,-1.557855,0.010973,-0.010324,-0.033914,0.324641,-0.369089,0.013207,0.032573,0.037702
1555578376,445864915,0.096694,-0.008121,-1.307674,1.822544,-2.098532,-1.557591,0.011296,-0.010324,-0.030935,0.315323,-0.363681,-0.014765,0.042736,0.044653
1555578376,455873012,0.096694,-0.008372,-1.305194,1.819599,-2.098472,-1.557147,0.011680,-0.010324,-0.033223,0.311245,-0.364154,-0.005776,0.056518,0.040411
1555578376,465883970,0.096694,-0.008923,-1.299996,1.813768,-2.098448,-1.556234,0.012279,-0.010324,-0.035230,0.321228,-0.369204,-0.045324,0.052587,0.041777
1555578376,475941896,0.096199,-0.009187,-1.297264,1.810691,-2.098400,-1.555826,0.012650,-0.011081,-0.038107,0.346526,-0.406863,0.038445,0.052179,0.049878
1555578376,485874891,0.096151,-0.009498,-1.294497,1.807435,-2.098472,-1.555454,0.013081,-0.011061,-0.036304,0.344213,-0.398196,-0.030320,0.042999,0.049782
1555578376,495865106,0.096151,-0.009834,-1.291766,1.804166,-2.098352,-1.555142,0.013489,-0.011061,-0.037046,0.334689,-0.399334,0.025910,0.038134,0.045181
1555578376,505908012,0.096151,-0.010421,-1.286004,1.797617,-2.098400,-1.554457,0.014279,-0.011061,-0.041251,0.371390,-0.427789,-0.004099,0.051412,0.050669
1555578376,515873908,0.096151,-0.010732,-1.283010,1.794086,-2.098628,-1.554097,0.014651,-0.011061,-0.035806,0.358900,-0.446619,0.057380,0.052611,0.049135
1555578376,525871992,0.095850,-0.011079,-1.280063,1.790530,-2.098508,-1.553461,0.015082,-0.011053,-0.038119,0.364972,-0.433490,-0.002565,0.080582,0.052083
1555578376,535850048,0.095599,-0.011367,-1.277164,1.787213,-2.098352,-1.552848,0.015513,-0.011429,-0.034195,0.359872,-0.428441,0.046619,0.066872,0.050262
1555578376,545882940,0.095599,-0.011846,-1.271163,1.780030,-2.098244,-1.551948,0.016292,-0.011429,-0.034566,0.370047,-0.448485,0.000000,0.047913,0.050310
1555578376,555854082,0.095599,-0.012157,-1.268025,1.776306,-2.098064,-1.551540,0.016723,-0.011429,-0.034387,0.396866,-0.474997,0.021260,0.049902,0.057596
1555578376,565893888,0.095599,-0.012385,-1.264862,1.772547,-2.098004,-1.551167,0.017142,-0.011429,-0.033786,0.391152,-0.471277,0.007191,0.044893,0.050789
1555578376,575865983,0.095040,-0.012660,-1.261640,1.768728,-2.097908,-1.550819,0.017502,-0.011009,-0.035128,0.388749,-0.470421,0.029218,0.052275,0.052155
1555578376,585875034,0.095040,-0.013187,-1.255028,1.761137,-2.097417,-1.549847,0.018412,-0.011009,-0.031651,0.398886,-0.479842,0.026245,0.061695,0.055535
1555578376,595885992,0.095040,-0.013499,-1.251806,1.757138,-2.097477,-1.549283,0.018819,-0.011009,-0.041993,0.427201,-0.510560,0.007622,0.068070,0.059418
1555578376,605875968,0.095040,-0.013774,-1.248380,1.753115,-2.097189,-1.548742,0.019299,-0.011009,-0.039628,0.426178,-0.504488,0.040746,0.061048,0.058699
1555578376,615922927,0.095040,-0.014157,-1.244966,1.749033,-2.097213,-1.548286,0.019814,-0.011009,-0.040663,0.419224,-0.507364,0.012176,0.048105,0.063109
1555578376,625859975,0.094481,-0.014804,-1.238054,1.740688,-2.096757,-1.547541,0.020736,-0.010844,-0.039845,0.424389,-0.518843,0.018767,0.049447,0.054073
1555578376,635847091,0.094481,-0.015068,-1.234533,1.736390,-2.096626,-1.547086,0.021215,-0.010844,-0.046492,0.454173,-0.552105,0.036504,0.065626,0.059681
1555578376,645881891,0.094481,-0.015475,-1.230879,1.732068,-2.096230,-1.546449,0.021766,-0.010844,-0.047195,0.452575,-0.545011,0.029409,0.092015,0.065841
1555578376,655921936,0.094481,-0.015894,-1.227226,1.727602,-2.096266,-1.545729,0.022294,-0.010844,-0.047541,0.442656,-0.548884,0.014693,0.079168,0.064715
1555578376,665853977,0.094481,-0.016625,-1.219787,1.718766,-2.095354,-1.544744,0.023348,-0.010844,-0.047502,0.451630,-0.554624,0.033364,0.058147,0.067975
1555578376,675862073,0.093962,-0.017068,-1.216038,1.714097,-2.095198,-1.544204,0.023899,-0.010055,-0.056527,0.478998,-0.592078,0.033029,0.060880,0.069221
1555578376,685863018,0.093962,-0.017475,-1.212217,1.709427,-2.094827,-1.543724,0.024402,-0.010055,-0.055389,0.476275,-0.594162,0.037103,0.071953,0.067615
1555578376,695880889,0.093962,-0.017967,-1.208455,1.704566,-2.094707,-1.543124,0.024977,-0.010055,-0.054917,0.468708,-0.588997,0.033867,0.080774,0.067687
1555578376,705904006,0.093962,-0.018829,-1.200729,1.694952,-2.094132,-1.541791,0.026091,-0.010055,-0.056681,0.477170,-0.598457,0.037583,0.072121,0.064451
1555578376,715868949,0.093962,-0.019380,-1.196680,1.690043,-2.093832,-1.541358,0.026702,-0.010055,-0.062484,0.502251,-0.626491,0.037391,0.060712,0.072241
1555578376,725864887,0.093416,-0.019883,-1.192500,1.685075,-2.093448,-1.540830,0.027277,-0.010301,-0.061922,0.509269,-0.636155,0.044461,0.062749,0.073272
1555578376,735853910,0.093416,-0.020338,-1.188427,1.679831,-2.093161,-1.540314,0.027792,-0.010301,-0.058675,0.498199,-0.625391,0.038206,0.080534,0.069221
1555578376,745872974,0.093416,-0.021308,-1.180342,1.669581,-2.092405,-1.538753,0.028942,-0.010301,-0.059915,0.506981,-0.630236,0.045181,0.091631,0.073679
1555578376,755861043,0.093416,-0.021907,-1.176246,1.664385,-2.092046,-1.538033,0.029601,-0.010301,-0.066268,0.521311,-0.665569,0.049998,0.081613,0.074806
1555578376,765918970,0.093416,-0.022386,-1.171969,1.659081,-2.091554,-1.537421,0.030140,-0.010301,-0.065399,0.530527,-0.673712,0.057117,0.074853,0.076292
1555578376,775878906,0.093120,-0.022865,-1.167705,1.653646,-2.091171,-1.536784,0.030931,-0.009881,-0.063047,0.525759,-0.663996,0.049854,0.091296,0.081661
1555578376,785880088,0.092940,-0.023823,-1.158924,1.642906,-2.090152,-1.535379,0.032045,-0.009642,-0.060183,0.537417,-0.665006,0.054241,0.090193,0.078784
1555578376,795875072,0.092940,-0.024267,-1.154540,1.637422,-2.089672,-1.534611,0.032728,-0.009642,-0.065117,0.566857,-0.698626,0.049375,0.079935,0.084657
1555578376,805927991,0.092940,-0.024889,-1.150084,1.631843,-2.089312,-1.534035,0.033351,-0.009642,-0.063609,0.564326,-0.704033,0.049375,0.071905,0.086286
1555578376,815861940,0.092940,-0.025404,-1.145712,1.626192,-2.089036,-1.533410,0.034094,-0.009642,-0.064325,0.555621,-0.701004,0.053282,0.091536,0.089330
1555578376,825858116,0.092496,-0.026482,-1.136813,1.614721,-2.087933,-1.531778,0.035400,-0.008666,-0.063903,0.556707,-0.707804,0.068166,0.088683,0.088036
1555578376,835856914,0.092496,-0.026998,-1.132297,1.608962,-2.087382,-1.531045,0.036178,-0.008666,-0.068211,0.587093,-0.741450,0.060017,0.079360,0.093693
1555578376,845875978,0.092496,-0.027524,-1.127625,1.603035,-2.086986,-1.530505,0.036861,-0.008666,-0.069093,0.584754,-0.735966,0.053210,0.081780,0.088563
1555578376,855869054,0.092496,-0.028064,-1.123061,1.597085,-2.086590,-1.529821,0.037592,-0.008666,-0.069451,0.580458,-0.742421,0.057596,0.085927,0.096545
1555578376,865912914,0.092496,-0.029285,-1.113826,1.585279,-2.085248,-1.528416,0.039041,-0.008666,-0.071228,0.580970,-0.740235,0.073367,0.086454,0.094220
1555578376,875854969,0.092129,-0.029848,-1.109106,1.579208,-2.084780,-1.527804,0.039844,-0.007022,-0.080202,0.613375,-0.766837,0.064379,0.083794,0.095922
1555578376,885854005,0.092129,-0.030507,-1.104267,1.572946,-2.084289,-1.527035,0.040551,-0.007022,-0.076443,0.605871,-0.771886,0.068430,0.099541,0.102777
1555578376,895901918,0.092129,-0.031142,-1.099392,1.566780,-2.083821,-1.526266,0.041329,-0.007022,-0.076891,0.599352,-0.765022,0.065793,0.092231,0.092207
1555578376,905869007,0.092129,-0.032375,-1.089678,1.554579,-2.082478,-1.524754,0.042815,-0.007022,-0.075318,0.604670,-0.760382,0.073775,0.090481,0.101195
1555578376,915843009,0.092129,-0.032962,-1.084791,1.548269,-2.081939,-1.524010,0.043605,-0.007022,-0.081902,0.625391,-0.797095,0.078449,0.094699,0.100548
1555578376,925848960,0.091829,-0.033669,-1.079855,1.541995,-2.081280,-1.523121,0.044456,-0.006035,-0.080828,0.621083,-0.787380,0.075453,0.105102,0.106684
1555578376,935851097,0.091829,-0.034280,-1.074980,1.535648,-2.080859,-1.522353,0.045318,-0.006035,-0.080764,0.613720,-0.797785,0.072744,0.098199,0.099277
1555578376,945947885,0.091829,-0.035526,-1.065266,1.523112,-2.079481,-1.520732,0.046972,-0.006035,-0.080572,0.609233,-0.794538,0.076435,0.094340,0.100476
1555578376,955888032,0.091829,-0.036196,-1.060283,1.516646,-2.078857,-1.519856,0.047834,-0.006035,-0.084970,0.633611,-0.818302,0.074254,0.108985,0.113395
1555578376,965864896,0.091829,-0.036843,-1.055324,1.510048,-2.078222,-1.519039,0.048757,-0.006035,-0.082988,0.631182,-0.820411,0.073607,0.103951,0.105749
1555578376,975888967,0.091634,-0.037502,-1.050293,1.503535,-2.077646,-1.518091,0.049643,-0.003446,-0.082183,0.626785,-0.814608,0.077083,0.112676,0.110998
1555578376,985866069,0.091634,-0.038748,-1.040387,1.490603,-2.076316,-1.516422,0.051404,-0.003446,-0.080930,0.618948,-0.808203,0.080941,0.104407,0.114306
1555578376,995842933,0.091634,-0.039454,-1.035249,1.483945,-2.075728,-1.515581,0.052243,-0.003446,-0.090198,0.647992,-0.842692,0.076723,0.109704,0.105437
1555578377,5845069,0.091634,-0.040172,-1.030062,1.477204,-2.075140,-1.514705,0.053105,-0.003446,-0.083091,0.631987,-0.831136,0.071258,0.117685,0.108937
1555578377,15863895,0.091634,-0.040868,-1.025031,1.470606,-2.074541,-1.513804,0.054052,-0.003446,-0.085392,0.629175,-0.831136,0.080846,0.098007,0.111645
1555578377,25871038,0.091544,-0.042149,-1.015126,1.457626,-2.073115,-1.512148,0.055825,-0.001416,-0.084867,0.620304,-0.821204,0.081109,0.105797,0.103088
1555578377,35975933,0.091544,-0.042820,-1.010155,1.450956,-2.072479,-1.511187,0.056771,-0.001416,-0.089763,0.643812,-0.846054,0.075333,0.121664,0.124061
1555578377,45833110,0.091544,-0.043538,-1.005040,1.444167,-2.072023,-1.510287,0.057729,-0.001416,-0.087245,0.631182,-0.841849,0.071762,0.100715,0.111741
1555578377,55876016,0.091544,-0.044305,-1.000021,1.437473,-2.071484,-1.509435,0.058688,-0.001416,-0.086874,0.628676,-0.842692,0.076316,0.117589,0.116271
1555578377,65849065,0.091544,-0.045646,-0.990103,1.424349,-2.070057,-1.507634,0.060448,-0.001416,-0.089099,0.623525,-0.832223,0.078425,0.119075,0.111957
1555578377,75856924,0.091547,-0.046413,-0.984977,1.417632,-2.069386,-1.506697,0.061407,0.000599,-0.097791,0.648235,-0.837694,0.066776,0.115768,0.126050
1555578377,85870981,0.091547,-0.047143,-0.979862,1.410914,-2.068990,-1.505784,0.062353,0.000599,-0.094417,0.631681,-0.846872,0.065386,0.119171,0.114042
1555578377,95865964,0.091547,-0.047970,-0.974735,1.404197,-2.068379,-1.504848,0.063324,0.000599,-0.095516,0.629776,-0.835777,0.072145,0.124109,0.121328
1555578377,105858087,0.091547,-0.049587,-0.964817,1.391072,-2.067168,-1.503047,0.065180,0.000599,-0.096960,0.618948,-0.816461,0.076148,0.117110,0.127416
1555578377,115856885,0.091547,-0.050377,-0.959894,1.384510,-2.066568,-1.502014,0.066223,0.000599,-0.102470,0.638660,-0.827084,0.052659,0.128759,0.130556
1555578377,125922918,0.091676,-0.051192,-0.954864,1.377828,-2.066256,-1.501042,0.067301,0.002891,-0.098443,0.628971,-0.830855,0.054792,0.131731,0.130221
1555578377,135879039,0.091676,-0.051923,-0.949833,1.371194,-2.065813,-1.500046,0.068295,0.002891,-0.097421,0.625097,-0.828963,0.062078,0.116607,0.134751
1555578377,145859003,0.091676,-0.053468,-0.940035,1.358261,-2.064854,-1.498101,0.070440,0.002891,-0.095605,0.603379,-0.801799,0.060664,0.131779,0.133984
1555578377,155864953,0.091676,-0.054222,-0.935064,1.351842,-2.064387,-1.496924,0.071458,0.002891,-0.104132,0.632793,-0.803039,0.040123,0.135302,0.134847
1555578377,165874004,0.091676,-0.054989,-0.930141,1.345388,-2.064170,-1.495987,0.072548,0.002891,-0.099824,0.619255,-0.806631,0.046738,0.133576,0.134799
1555578377,175870895,0.091913,-0.055827,-0.925302,1.338945,-2.063751,-1.494943,0.073662,0.005245,-0.100808,0.618169,-0.807654,0.048560,0.132426,0.135781
1555578377,185862064,0.091913,-0.057396,-0.915660,1.326228,-2.063151,-1.492890,0.075770,0.005245,-0.096360,0.586390,-0.772858,0.047745,0.130556,0.132641
1555578377,195859909,0.091913,-0.058223,-0.910904,1.320036,-2.062755,-1.491726,0.076920,0.005245,-0.116557,0.604388,-0.773650,0.021979,0.140479,0.140311
1555578377,205859899,0.091913,-0.059061,-0.906113,1.313773,-2.062624,-1.490645,0.078035,0.005245,-0.105921,0.598368,-0.780860,0.037127,0.144602,0.139424
1555578377,215864896,0.091913,-0.060019,-0.901370,1.307487,-2.062408,-1.489589,0.079173,0.005245,-0.109334,0.596834,-0.777549,0.023130,0.129358,0.143259
1555578377,225862026,0.092047,-0.061672,-0.892170,1.295308,-2.062073,-1.487380,0.081401,0.006035,-0.099108,0.571740,-0.731849,0.011769,0.137914,0.134679
1555578377,235868930,0.092266,-0.062511,-0.887595,1.289487,-2.061964,-1.486143,0.082503,0.007357,-0.116391,0.580433,-0.731619,0.006711,0.132474,0.148389
1555578377,245925903,0.092266,-0.063373,-0.882959,1.283572,-2.062024,-1.485074,0.083665,0.007357,-0.105244,0.580433,-0.739749,-0.007958,0.135302,0.133840
1555578377,255862951,0.092266,-0.064199,-0.878324,1.277607,-2.061857,-1.484030,0.084827,0.007357,-0.108069,0.575396,-0.739507,0.018504,0.144386,0.145632
1555578377,265866994,0.092266,-0.065841,-0.869221,1.266147,-2.061881,-1.481857,0.087103,0.007357,-0.102572,0.556081,-0.690764,0.020541,0.140527,0.135877
1555578377,275918006,0.092418,-0.066655,-0.864837,1.260662,-2.061977,-1.480716,0.088325,0.007630,-0.108836,0.564326,-0.683248,-0.043191,0.136620,0.144841
1555578377,285860061,0.092699,-0.067553,-0.860393,1.255105,-2.062276,-1.479588,0.089499,0.009186,-0.109910,0.561424,-0.692426,-0.019390,0.136572,0.153734
1555578377,295870065,0.092699,-0.068439,-0.855925,1.249596,-2.062528,-1.478507,0.090697,0.009186,-0.111099,0.560862,-0.696108,-0.025910,0.142924,0.147142
1555578377,305855989,0.092699,-0.070224,-0.847109,1.238853,-2.062923,-1.476274,0.093033,0.009186,-0.111469,0.525107,-0.650791,-0.027947,0.136045,0.147885
1555578377,315936088,0.092699,-0.071087,-0.842833,1.233740,-2.062983,-1.475146,0.094219,0.009186,-0.106880,0.540754,-0.638404,-0.058411,0.144602,0.143331
1555578377,325860977,0.093166,-0.072045,-0.839060,1.228542,-2.063583,-1.473909,0.095429,0.009864,-0.110792,0.539118,-0.636385,-0.047553,0.149204,0.151696
1555578377,335859060,0.093166,-0.072931,-0.834496,1.223464,-2.063907,-1.472733,0.096627,0.009864,-0.112492,0.538862,-0.649615,-0.041993,0.143331,0.153877
1555578377,345843076,0.093166,-0.074692,-0.826172,1.213560,-2.064842,-1.470331,0.098987,0.009864,-0.105627,0.491206,-0.609630,-0.053450,0.149252,0.147574
1555578377,355840921,0.093166,-0.075566,-0.822051,1.208794,-2.065309,-1.469118,0.100233,0.009864,-0.098916,0.511186,-0.587873,-0.072984,0.141606,0.156322
1555578377,365852117,0.093166,-0.076273,-0.817943,1.204039,-2.066016,-1.467942,0.101454,0.009864,-0.095963,0.505038,-0.584229,-0.091488,0.155627,0.161523
1555578377,375854969,0.093693,-0.077135,-0.813870,1.199321,-2.066664,-1.466706,0.102760,0.010687,-0.099249,0.499681,-0.596373,-0.074542,0.154477,0.158288
1555578377,385859012,0.093693,-0.078620,-0.806168,1.190230,-2.068271,-1.464292,0.105240,0.010687,-0.095337,0.459261,-0.549421,-0.094603,0.147766,0.158000
1555578377,395845890,0.093693,-0.079339,-0.802527,1.185979,-2.068990,-1.463080,0.106570,0.010687,-0.096590,0.456819,-0.531435,-0.115696,0.164472,0.168235
1555578377,405852079,0.093693,-0.080213,-0.798921,1.181631,-2.070141,-1.461807,0.107900,0.010687,-0.097229,0.458021,-0.539118,-0.119698,0.144722,0.164472
1555578377,415837049,0.093693,-0.080956,-0.795280,1.177283,-2.070968,-1.460535,0.109361,0.010687,-0.094762,0.459491,-0.543093,-0.119555,0.156394,0.164160
1555578377,425848007,0.094224,-0.082417,-0.788153,1.168828,-2.073259,-1.457990,0.111949,0.011372,-0.087999,0.430780,-0.498339,-0.133936,0.153398,0.165406
1555578377,435862064,0.094224,-0.083172,-0.784668,1.164984,-2.074362,-1.456681,0.113290,0.011372,-0.096411,0.430985,-0.478116,-0.154069,0.159294,0.167180
1555578377,445849895,0.094224,-0.083866,-0.781062,1.161223,-2.075525,-1.455348,0.114728,0.011372,-0.096270,0.430461,-0.476275,-0.152943,0.163776,0.163249
1555578377,455951929,0.094224,-0.084693,-0.777625,1.157426,-2.076688,-1.454004,0.116058,0.011372,-0.093892,0.431509,-0.482948,-0.153997,0.163177,0.168882
1555578377,465832948,0.094224,-0.086166,-0.770941,1.150133,-2.079265,-1.451423,0.118873,0.011372,-0.088830,0.413408,-0.445519,-0.161763,0.146975,0.164472
1555578377,475951910,0.094794,-0.086921,-0.767755,1.146743,-2.080644,-1.450162,0.120202,0.011692,-0.099006,0.402453,-0.422113,-0.182280,0.162961,0.166868
1555578377,485865116,0.094794,-0.087615,-0.764496,1.143234,-2.082203,-1.448829,0.121664,0.011692,-0.094672,0.400292,-0.423366,-0.187194,0.171662,0.165095
1555578377,495851993,0.094794,-0.088358,-0.761263,1.139856,-2.083605,-1.447545,0.122970,0.011692,-0.090748,0.404242,-0.431381,-0.182759,0.153206,0.172836
1555578377,505821943,0.094794,-0.089891,-0.754819,1.133305,-2.086747,-1.444963,0.125677,0.011692,-0.088293,0.375455,-0.386563,-0.190477,0.157353,0.161619
1555578377,515862941,0.094794,-0.090598,-0.751644,1.130455,-2.088101,-1.443751,0.127019,0.011692,-0.098443,0.390219,-0.366455,-0.206656,0.169026,0.172237
1555578377,525871038,0.095341,-0.091388,-0.748530,1.127532,-2.090031,-1.442359,0.128372,0.011062,-0.099785,0.389682,-0.368910,-0.231008,0.172333,0.174970
1555578377,535900115,0.095341,-0.092251,-0.745440,1.124562,-2.091830,-1.441062,0.129810,0.011062,-0.097625,0.391919,-0.381028,-0.222020,0.154884,0.181921
1555578377,545855998,0.095341,-0.093856,-0.739654,1.118944,-2.095547,-1.438312,0.132565,0.011062,-0.093177,0.350758,-0.332247,-0.231320,0.170008,0.172908
1555578377,555855035,0.095341,-0.094550,-0.736827,1.116298,-2.097405,-1.436980,0.134027,0.011062,-0.095120,0.368552,-0.327991,-0.253179,0.177175,0.182112
1555578377,565859079,0.095341,-0.095341,-0.733953,1.113650,-2.099575,-1.435599,0.135536,0.011062,-0.097689,0.369204,-0.334408,-0.267871,0.179883,0.182520
1555578377,575865983,0.095845,-0.096059,-0.730922,1.110895,-2.101709,-1.434122,0.136902,0.010314,-0.094659,0.366928,-0.336479,-0.251022,0.167348,0.186403
1555578377,585855960,0.095845,-0.097616,-0.725245,1.106009,-2.105762,-1.431362,0.139873,0.010314,-0.098021,0.335290,-0.284042,-0.261616,0.183502,0.184845
1555578377,595854997,0.095845,-0.098419,-0.722454,1.103829,-2.107884,-1.429945,0.141442,0.010314,-0.096679,0.345644,-0.277408,-0.282420,0.186139,0.196254
1555578377,605859994,0.095845,-0.099186,-0.719591,1.101589,-2.110102,-1.428444,0.142952,0.010314,-0.095209,0.346207,-0.287481,-0.284362,0.189519,0.191796
1555578377,615884065,0.095845,-0.099976,-0.716860,1.099229,-2.112380,-1.426932,0.144569,0.010314,-0.098303,0.340071,-0.290613,-0.277339,0.171950,0.191580
1555578377,625864028,0.096311,-0.101569,-0.711853,1.095098,-2.116972,-1.423930,0.147504,0.009219,-0.099389,0.313137,-0.241934,-0.283906,0.169840,0.185827
1555578377,635865926,0.096311,-0.102420,-0.709385,1.093157,-2.119513,-1.422429,0.149121,0.009219,-0.103710,0.317764,-0.243762,-0.313891,0.187505,0.196254
1555578377,645855903,0.096311,-0.103318,-0.706823,1.091180,-2.121959,-1.420953,0.150714,0.009219,-0.106829,0.321970,-0.249732,-0.306293,0.188104,0.200376
1555578377,655854940,0.096311,-0.104156,-0.704319,1.089204,-2.124501,-1.419524,0.152308,0.009219,-0.107085,0.320231,-0.254513,-0.308570,0.178421,0.196805
1555578377,665865898,0.096311,-0.105785,-0.699192,1.085515,-2.129501,-1.416607,0.155410,0.009219,-0.096411,0.305416,-0.205962,-0.311830,0.164160,0.197021
1555578377,675949096,0.096713,-0.106612,-0.696725,1.083982,-2.132030,-1.415214,0.156991,0.008059,-0.101102,0.314619,-0.199660,-0.328176,0.186714,0.200712
1555578377,685828924,0.096713,-0.107438,-0.694258,1.082258,-2.134788,-1.413678,0.158621,0.008059,-0.097421,0.308228,-0.208148,-0.333449,0.193138,0.208885
1555578377,695853948,0.096713,-0.108049,-0.691802,1.080665,-2.137366,-1.412129,0.160214,0.008059,-0.091643,0.304981,-0.208685,-0.328655,0.189015,0.197788
1555578377,705869913,0.096713,-0.109282,-0.687131,1.077658,-2.142701,-1.409212,0.163269,0.008059,-0.082324,0.281447,-0.174503,-0.327121,0.174035,0.195223
1555578377,715893983,0.096713,-0.110061,-0.684830,1.076304,-2.145435,-1.407687,0.164898,0.008059,-0.095874,0.300366,-0.175168,-0.359766,0.195487,0.207902
1555578377,725863933,0.097048,-0.110936,-0.682494,1.074819,-2.148420,-1.406078,0.166611,0.006220,-0.098443,0.297912,-0.177584,-0.367245,0.180890,0.203828
1555578377,735862970,0.097048,-0.111750,-0.680123,1.073418,-2.151346,-1.404673,0.168288,0.006220,-0.094941,0.292390,-0.174273,-0.366478,0.197788,0.207902
1555578377,745861053,0.097048,-0.112996,-0.675727,1.070998,-2.157101,-1.401553,0.171535,0.006220,-0.081569,0.276909,-0.151212,-0.361037,0.191676,0.211018
1555578377,755858898,0.097048,-0.113606,-0.673559,1.069729,-2.160110,-1.399967,0.173344,0.006220,-0.080202,0.287634,-0.144923,-0.390134,0.202965,0.216914
1555578377,765855073,0.097048,-0.114289,-0.671260,1.068567,-2.163335,-1.398467,0.175140,0.006220,-0.082554,0.293502,-0.150279,-0.390710,0.199585,0.223410
1555578377,775867938,0.097261,-0.114983,-0.668888,1.067381,-2.166548,-1.396822,0.176878,0.003768,-0.084906,0.283147,-0.152388,-0.392891,0.200999,0.214997
1555578377,785852909,0.097261,-0.116217,-0.664683,1.065213,-2.172567,-1.393750,0.180436,0.003768,-0.081531,0.271783,-0.137010,-0.386108,0.194624,0.209772
1555578377,795870065,0.097261,-0.116912,-0.662527,1.064195,-2.175816,-1.392021,0.182244,0.003768,-0.084484,0.269060,-0.131654,-0.407512,0.194384,0.229977
1555578377,805852890,0.097261,-0.117607,-0.660347,1.063009,-2.179149,-1.390448,0.184102,0.003768,-0.083321,0.275068,-0.137879,-0.404659,0.203252,0.222715
1555578377,815881967,0.097261,-0.118193,-0.658227,1.061932,-2.182374,-1.388767,0.185826,0.003768,-0.083359,0.266734,-0.134901,-0.401903,0.191939,0.225855
1555578377,825875997,0.097365,-0.119583,-0.654215,1.060051,-2.188933,-1.385682,0.189312,0.001567,-0.081186,0.257913,-0.117580,-0.401208,0.192419,0.219671
1555578377,835849046,0.097365,-0.120206,-0.652142,1.059141,-2.192169,-1.384025,0.191050,0.001567,-0.075574,0.267999,-0.109271,-0.422444,0.206704,0.237695
1555578377,845835924,0.097365,-0.120769,-0.650070,1.058159,-2.195683,-1.382429,0.192954,0.001567,-0.076648,0.261531,-0.118321,-0.421965,0.206704,0.241674
1555578377,855865955,0.097365,-0.121416,-0.648022,1.057260,-2.198955,-1.380868,0.194787,0.001567,-0.073887,0.262758,-0.112684,-0.421102,0.204739,0.235706
1555578377,865840911,0.097365,-0.122494,-0.644093,1.055655,-2.205538,-1.377843,0.198513,0.001567,-0.070116,0.252020,-0.101256,-0.410987,0.190022,0.233309
1555578377,875850915,0.097357,-0.123020,-0.642081,1.054889,-2.208967,-1.376210,0.200393,-0.000585,-0.071599,0.270006,-0.095874,-0.439078,0.204307,0.247522
1555578377,885869026,0.097357,-0.123620,-0.639949,1.054038,-2.212480,-1.374565,0.202454,-0.000585,-0.072902,0.266222,-0.105129,-0.436130,0.201503,0.251213
1555578377,895869016,0.097357,-0.124302,-0.637804,1.053236,-2.215993,-1.372873,0.204394,-0.000585,-0.073963,0.262643,-0.101907,-0.433853,0.207423,0.240356
1555578377,905803918,0.097357,-0.125572,-0.633708,1.051679,-2.222935,-1.369727,0.208120,-0.000585,-0.072608,0.260534,-0.093982,-0.432103,0.204906,0.238822
1555578377,915858983,0.097357,-0.126135,-0.631540,1.051020,-2.226579,-1.368023,0.210121,-0.000585,-0.075293,0.268932,-0.091157,-0.458061,0.204667,0.255192
1555578377,925848007,0.097223,-0.126674,-0.629444,1.050181,-2.230165,-1.366294,0.212146,-0.003279,-0.074078,0.262758,-0.096679,-0.454705,0.214877,0.256678
1555578377,935861110,0.097223,-0.127308,-0.627288,1.049462,-2.233797,-1.364541,0.214230,-0.003279,-0.074270,0.261160,-0.090313,-0.449313,0.202318,0.250422
1555578377,945848941,0.097223,-0.128482,-0.623359,1.048205,-2.240883,-1.361156,0.218123,-0.003279,-0.072915,0.252020,-0.078783,-0.442194,0.197141,0.241746
1555578377,955851078,0.097223,-0.129045,-0.621323,1.047558,-2.244504,-1.359535,0.220184,-0.003279,-0.072404,0.263500,-0.079984,-0.469830,0.215932,0.270340
1555578377,965862035,0.097223,-0.129536,-0.619334,1.046887,-2.248461,-1.357759,0.222196,-0.003279,-0.069822,0.252135,-0.085903,-0.465300,0.204187,0.262790
1555578377,975816011,0.096940,-0.130123,-0.617334,1.046205,-2.252069,-1.356078,0.224257,-0.006345,-0.071995,0.248569,-0.083794,-0.459643,0.210012,0.263365
1555578377,985852956,0.096940,-0.131309,-0.613537,1.044983,-2.259419,-1.352909,0.228330,-0.006345,-0.070665,0.243277,-0.074692,-0.450847,0.206704,0.250063
1555578377,995853900,0.096940,-0.131836,-0.611596,1.044348,-2.263099,-1.351180,0.230378,-0.006345,-0.065488,0.257607,-0.075434,-0.475318,0.223002,0.274199
1555578378,5858898,0.096940,-0.132291,-0.609608,1.043629,-2.267056,-1.349500,0.232571,-0.006345,-0.063622,0.253260,-0.081109,-0.468991,0.220845,0.276260
1555578378,15865087,0.096940,-0.132902,-0.607596,1.043042,-2.270929,-1.347735,0.234811,-0.006345,-0.067252,0.249770,-0.080572,-0.478746,0.218976,0.271251
1555578378,25862932,0.096518,-0.133716,-0.603751,1.041844,-2.278290,-1.344362,0.239087,-0.009105,-0.058969,0.239863,-0.073005,-0.468991,0.213583,0.261136
1555578378,35847902,0.096518,-0.134219,-0.601703,1.041245,-2.282223,-1.342741,0.241387,-0.009105,-0.056987,0.255689,-0.070601,-0.491617,0.225136,0.286423
1555578378,45870065,0.096518,-0.134687,-0.599630,1.040659,-2.286167,-1.340880,0.243652,-0.009105,-0.058969,0.250691,-0.076137,-0.494110,0.220845,0.285728
1555578378,55939912,0.096518,-0.135154,-0.597641,1.040060,-2.290065,-1.339187,0.246000,-0.009105,-0.058751,0.250179,-0.075715,-0.489795,0.222020,0.276356
1555578378,65846920,0.096518,-0.136064,-0.593928,1.038910,-2.297809,-1.335802,0.250360,-0.009105,-0.055978,0.235440,-0.068825,-0.476349,0.219144,0.277123
1555578378,75846910,0.095923,-0.136471,-0.592000,1.038371,-2.301742,-1.334062,0.252708,-0.012032,-0.051529,0.248479,-0.066511,-0.499958,0.218257,0.283906
1555578378,85848093,0.095923,-0.136890,-0.590036,1.037808,-2.305758,-1.332249,0.254924,-0.012032,-0.051401,0.244977,-0.070448,-0.499958,0.223698,0.294548
1555578378,95851898,0.095923,-0.137274,-0.588083,1.037245,-2.309859,-1.330425,0.257249,-0.012032,-0.050788,0.243238,-0.067137,-0.507844,0.217897,0.288197
1555578378,105850934,0.095923,-0.137992,-0.584310,1.036335,-2.317664,-1.326907,0.261717,-0.012032,-0.047528,0.244044,-0.058304,-0.494349,0.206440,0.288412
1555578378,115853071,0.095923,-0.138376,-0.582310,1.035855,-2.321752,-1.325095,0.264077,-0.012032,-0.045956,0.253171,-0.061832,-0.522872,0.225567,0.306820
1555578378,125885009,0.095200,-0.138771,-0.580357,1.035365,-2.325889,-1.323390,0.266592,-0.015408,-0.044549,0.243954,-0.064900,-0.512757,0.209892,0.292966
1555578378,135862112,0.095200,-0.139082,-0.578368,1.034862,-2.329881,-1.321685,0.269012,-0.015408,-0.044281,0.247086,-0.062791,-0.505686,0.220030,0.302745
1555578378,145876884,0.095200,-0.139837,-0.574440,1.033915,-2.337867,-1.318348,0.273732,-0.015408,-0.046224,0.241845,-0.057486,-0.508323,0.212025,0.288532
1555578378,155864000,0.095200,-0.140184,-0.572428,1.033448,-2.342111,-1.316644,0.276212,-0.015408,-0.048244,0.248965,-0.065642,-0.532747,0.212217,0.317558
1555578378,165887117,0.095200,-0.140532,-0.570523,1.032849,-2.346296,-1.314951,0.278764,-0.015408,-0.046684,0.239314,-0.066677,-0.521529,0.217897,0.308953
1555578378,175856113,0.094251,-0.140951,-0.568631,1.032334,-2.350540,-1.313210,0.281160,-0.018932,-0.048499,0.235440,-0.066767,-0.521314,0.215404,0.303393
1555578378,185909032,0.094251,-0.141693,-0.564822,1.031328,-2.358776,-1.309801,0.285928,-0.018932,-0.045367,0.236923,-0.061909,-0.514243,0.208118,0.302098
1555578378,195872068,0.094251,-0.142017,-0.562917,1.030837,-2.363056,-1.308025,0.288371,-0.018932,-0.045559,0.246575,-0.068531,-0.542670,0.227724,0.316863
1555578378,205905914,0.094251,-0.142304,-0.560989,1.030226,-2.367481,-1.306260,0.290911,-0.018932,-0.041763,0.246102,-0.070806,-0.543389,0.217777,0.314610
1555578378,215858936,0.094251,-0.142639,-0.559036,1.029603,-2.371917,-1.304496,0.293534,-0.018932,-0.043424,0.244823,-0.074679,-0.544228,0.230049,0.317151
1555578378,225836038,0.093178,-0.143490,-0.555371,1.028657,-2.380226,-1.300942,0.298590,-0.022698,-0.046595,0.231324,-0.062791,-0.522105,0.217849,0.313627
1555578378,235852003,0.093178,-0.143862,-0.553466,1.028118,-2.384626,-1.299189,0.301261,-0.022698,-0.047477,0.251931,-0.067866,-0.543389,0.213511,0.324125
1555578378,245862960,0.093178,-0.144281,-0.551550,1.027543,-2.389002,-1.297329,0.303969,-0.022698,-0.043309,0.250486,-0.070563,-0.554726,0.226574,0.337428
1555578378,255881071,0.093178,-0.144508,-0.549597,1.026920,-2.393367,-1.295540,0.306676,-0.022698,-0.037340,0.242510,-0.073209,-0.546577,0.210347,0.330501
1555578378,265841007,0.093178,-0.144999,-0.545848,1.025890,-2.401723,-1.292228,0.311971,-0.022698,-0.035064,0.232730,-0.063775,-0.529942,0.208118,0.316431
1555578378,275867938,0.091884,-0.145335,-0.543871,1.025375,-2.406063,-1.290486,0.314571,-0.025815,-0.034182,0.253682,-0.064287,-0.554246,0.219407,0.335510
1555578378,285852909,0.091884,-0.145646,-0.541764,1.024836,-2.410595,-1.288662,0.317266,-0.025815,-0.034067,0.255139,-0.065475,-0.559759,0.210275,0.344019
1555578378,295816898,0.091884,-0.145885,-0.539679,1.024309,-2.415020,-1.287018,0.320081,-0.025815,-0.034604,0.246293,-0.065079,-0.546888,0.220342,0.340184
1555578378,305855035,0.091884,-0.146376,-0.535762,1.023351,-2.423904,-1.283645,0.325364,-0.025815,-0.033428,0.245565,-0.058202,-0.554318,0.218520,0.330956
1555578378,315861940,0.091884,-0.146712,-0.533678,1.022943,-2.428364,-1.281832,0.328215,-0.025815,-0.031101,0.245897,-0.062203,-0.564026,0.208717,0.363098
1555578378,325858116,0.090398,-0.146999,-0.531630,1.022428,-2.432860,-1.280067,0.331103,-0.029812,-0.036381,0.244338,-0.060950,-0.557818,0.223410,0.356866
1555578378,335864067,0.090398,-0.147227,-0.529653,1.021949,-2.437344,-1.278363,0.333978,-0.029812,-0.030654,0.240400,-0.060861,-0.562420,0.213391,0.352576
1555578378,345854997,0.090398,-0.147622,-0.526084,1.020907,-2.446229,-1.274942,0.339596,-0.029812,-0.027497,0.233165,-0.062829,-0.552281,0.199513,0.343492
1555578378,355854034,0.090398,-0.147826,-0.524287,1.020368,-2.450641,-1.273165,0.342543,-0.029812,-0.019482,0.228665,-0.071931,-0.569682,0.219958,0.374028
1555578378,365839958,0.090398,-0.148018,-0.522430,1.019781,-2.455209,-1.271425,0.345490,-0.029812,-0.027663,0.235709,-0.071202,-0.567046,0.213056,0.368395
1555578378,375848054,0.088813,-0.148329,-0.520562,1.019206,-2.459609,-1.269600,0.348377,-0.032699,-0.027906,0.236642,-0.067623,-0.561533,0.222451,0.363098
1555578378,385848045,0.088813,-0.148712,-0.517028,1.018128,-2.468601,-1.266215,0.353996,-0.032699,-0.025413,0.231209,-0.067406,-0.563762,0.209197,0.354709
1555578378,395843029,0.088813,-0.148880,-0.515111,1.017625,-2.473133,-1.264499,0.356955,-0.032699,-0.018817,0.253375,-0.067649,-0.585453,0.203324,0.370504
1555578378,405910015,0.088813,-0.148928,-0.513003,1.017026,-2.477881,-1.262722,0.360081,-0.032699,-0.011901,0.260534,-0.073963,-0.599091,0.218928,0.382345
1555578378,415839910,0.088813,-0.149036,-0.510955,1.016415,-2.482677,-1.261077,0.363112,-0.032699,-0.018459,0.254206,-0.072966,-0.597054,0.203133,0.381290
1555578378,425844907,0.086954,-0.149383,-0.506774,1.015457,-2.491729,-1.257861,0.369234,-0.036945,-0.022613,0.241934,-0.058815,-0.570857,0.190477,0.370888
1555578378,435887098,0.086954,-0.149551,-0.504774,1.015002,-2.496261,-1.256300,0.372396,-0.036945,-0.018778,0.258680,-0.063149,-0.589624,0.207615,0.383783
1555578378,445853948,0.086954,-0.149659,-0.502822,1.014427,-2.501212,-1.254596,0.375583,-0.036945,-0.017308,0.252225,-0.075740,-0.611819,0.202893,0.391573
1555578378,455851078,0.086954,-0.149802,-0.500905,1.013720,-2.506188,-1.253023,0.378638,-0.036945,-0.013819,0.237895,-0.080304,-0.603741,0.211282,0.384742
1555578378,465835094,0.086954,-0.150137,-0.497144,1.012630,-2.515252,-1.249854,0.384616,-0.036945,-0.015877,0.221251,-0.062689,-0.556907,0.200951,0.379397
1555578378,475878953,0.085037,-0.150221,-0.495192,1.012151,-2.519749,-1.248234,0.387742,-0.039639,-0.014010,0.256967,-0.062561,-0.589456,0.217586,0.401208
1555578378,485881090,0.085037,-0.150341,-0.493311,1.011624,-2.524473,-1.246589,0.390965,-0.039639,-0.012758,0.250346,-0.069975,-0.611819,0.217514,0.409357
1555578378,495856046,0.085037,-0.150377,-0.491478,1.010989,-2.529400,-1.244909,0.394187,-0.039639,-0.010942,0.232104,-0.074181,-0.609781,0.223769,0.406121
1555578378,505861997,0.085037,-0.150521,-0.487729,1.009959,-2.538944,-1.241680,0.400573,-0.039639,-0.010354,0.241282,-0.064926,-0.598900,0.211785,0.396246
1555578378,515853881,0.085037,-0.150605,-0.485789,1.009432,-2.543703,-1.239975,0.403975,-0.039639,-0.009907,0.235709,-0.071931,-0.614359,0.210347,0.422444
1555578378,525871992,0.082812,-0.150593,-0.483872,1.008785,-2.548607,-1.238283,0.407329,-0.043955,-0.004704,0.243813,-0.072915,-0.615582,0.217777,0.418561
1555578378,535898923,0.082812,-0.150664,-0.481836,1.008234,-2.553510,-1.236554,0.410612,-0.043955,-0.002761,0.242088,-0.067840,-0.617451,0.213175,0.414702
1555578378,545840024,0.082812,-0.150832,-0.477859,1.007240,-2.563258,-1.233410,0.417033,-0.043955,-0.005791,0.243187,-0.066524,-0.615582,0.191796,0.410771
1555578378,555866956,0.082812,-0.150964,-0.475990,1.006665,-2.568186,-1.231777,0.420399,-0.043955,-0.017078,0.220778,-0.075165,-0.616061,0.196925,0.435818
1555578378,565843105,0.082812,-0.151048,-0.474002,1.006042,-2.573066,-1.230205,0.423885,-0.043955,-0.008514,0.237754,-0.070448,-0.608175,0.199202,0.427214
1555578378,575850009,0.080572,-0.151060,-0.472313,1.005563,-2.577945,-1.228585,0.427251,-0.046871,-0.005625,0.242037,-0.066920,-0.609398,0.200376,0.424817
1555578378,585836887,0.080572,-0.151203,-0.468479,1.004425,-2.587549,-1.225464,0.434032,-0.046871,-0.005407,0.223041,-0.075932,-0.602135,0.190405,0.420958
1555578378,595927000,0.080572,-0.151323,-0.466683,1.003790,-2.592537,-1.223891,0.437506,-0.046871,-0.011914,0.243468,-0.078156,-0.630658,0.190022,0.436897
1555578378,605863094,0.080572,-0.151455,-0.464670,1.003095,-2.597775,-1.222403,0.440980,-0.046871,-0.011032,0.256418,-0.085187,-0.644464,0.198914,0.443296
1555578378,615883111,0.080572,-0.151539,-0.462467,1.002580,-2.602800,-1.220854,0.444406,-0.046871,-0.008232,0.260317,-0.072481,-0.629843,0.200376,0.444231
1555578378,625860929,0.078039,-0.151526,-0.458574,1.001514,-2.612750,-1.217830,0.451331,-0.050948,-0.003963,0.225086,-0.069566,-0.601488,0.188392,0.432439
1555578378,635854005,0.078039,-0.151514,-0.456825,1.000832,-2.617762,-1.216329,0.454925,-0.050948,0.000000,0.246191,-0.077977,-0.628716,0.181729,0.452381
1555578378,645869016,0.078039,-0.151598,-0.454944,1.000161,-2.623097,-1.214793,0.458471,-0.050948,-0.005088,0.254513,-0.079946,-0.644823,0.184845,0.462232
1555578378,655807018,0.078039,-0.151682,-0.452884,0.999549,-2.628289,-1.213197,0.462220,-0.050948,-0.010572,0.249681,-0.077402,-0.646813,0.174370,0.455880
1555578378,665853023,0.078039,-0.151718,-0.449098,0.998472,-2.638036,-1.210304,0.469396,-0.050948,-0.003375,0.215908,-0.066984,-0.594034,0.182807,0.453363
1555578378,675847053,0.075485,-0.151790,-0.447158,0.997861,-2.642892,-1.208899,0.472930,-0.052697,-0.002211,0.259115,-0.071036,-0.619608,0.183574,0.469398
1555578378,685950994,0.075485,-0.151742,-0.444990,0.997406,-2.647976,-1.207375,0.476716,-0.052697,-0.001496,0.265596,-0.067355,-0.633438,0.188799,0.478314
1555578378,695821046,0.075485,-0.151658,-0.442966,0.996735,-2.653131,-1.205827,0.480346,-0.052697,-0.001138,0.238023,-0.075906,-0.645638,0.174442,0.474887
1555578378,705857038,0.075485,-0.151574,-0.439240,0.995573,-2.663525,-1.203126,0.487761,-0.052697,0.007529,0.236923,-0.075740,-0.637800,0.170751,0.461441
1555578378,715811014,0.075485,-0.151623,-0.437264,0.994914,-2.668633,-1.201805,0.491594,-0.052697,-0.007056,0.220305,-0.084343,-0.641276,0.172501,0.481550
1555578378,725850105,0.072636,-0.151646,-0.435275,0.994303,-2.673668,-1.200474,0.495572,-0.056456,0.001163,0.242893,-0.077108,-0.632096,0.177702,0.479800
1555578378,735868930,0.072636,-0.151574,-0.433371,0.993752,-2.678824,-1.199069,0.499406,-0.056456,0.001163,0.241934,-0.074730,-0.642642,0.158072,0.477643
1555578378,745867967,0.072636,-0.151598,-0.429729,0.992435,-2.689183,-1.196609,0.506785,-0.056456,0.001163,0.232373,-0.080483,-0.628716,0.165718,0.468775
1555578378,755872011,0.072636,-0.151598,-0.427897,0.991848,-2.694182,-1.195312,0.510607,-0.056456,0.001138,0.211792,-0.082758,-0.633103,0.165862,0.495931
1555578378,765853881,0.072636,-0.151586,-0.426100,0.991200,-2.699362,-1.193944,0.514488,-0.056456,0.000908,0.228499,-0.081275,-0.636027,0.165934,0.491833
1555578378,775947093,0.069661,-0.151598,-0.424375,0.990554,-2.704493,-1.192659,0.518369,-0.057990,0.000562,0.229611,-0.082362,-0.635188,0.155100,0.486655
1555578378,785871028,0.069661,-0.151718,-0.420614,0.989248,-2.714468,-1.190295,0.526085,-0.057990,-0.003809,0.236297,-0.075063,-0.633223,0.155364,0.471699
1555578378,795861005,0.069661,-0.151682,-0.418685,0.988709,-2.719695,-1.189059,0.530074,-0.057990,-0.002787,0.257389,-0.078514,-0.663830,0.150210,0.483540
1555578378,805857896,0.069661,-0.151646,-0.416553,0.988002,-2.725018,-1.187810,0.533968,-0.057990,-0.001751,0.265596,-0.084382,-0.671979,0.158431,0.491161
1555578378,815841913,0.069661,-0.151635,-0.414397,0.987319,-2.730510,-1.186490,0.537897,-0.057990,-0.001214,0.259869,-0.079856,-0.681064,0.169769,0.495763
1555578378,825845003,0.066657,-0.151658,-0.410420,0.986278,-2.740976,-1.184089,0.545612,-0.062289,0.000000,0.223041,-0.060707,-0.640629,0.152296,0.486200
1555578378,835848093,0.066657,-0.151682,-0.408563,0.985714,-2.746107,-1.182829,0.549134,-0.062289,0.000000,0.254833,-0.072787,-0.664166,0.159151,0.503529
1555578378,845875978,0.066657,-0.151574,-0.406635,0.984972,-2.751647,-1.181617,0.553471,-0.062289,0.003375,0.249681,-0.084075,-0.680776,0.155292,0.508563
1555578378,855875015,0.066657,-0.151586,-0.404670,0.984301,-2.757198,-1.180369,0.557544,-0.062289,0.007823,0.244146,-0.079639,-0.681399,0.154069,0.501348
1555578378,865855932,0.066657,-0.151574,-0.401029,0.983175,-2.767508,-1.178040,0.565583,-0.062289,0.000895,0.204825,-0.071752,-0.631473,0.144602,0.489340
1555578378,875847101,0.063492,-0.151514,-0.399352,0.982612,-2.772784,-1.176864,0.569584,-0.062751,0.004640,0.244427,-0.072583,-0.673609,0.139928,0.513236
1555578378,885854959,0.063492,-0.151598,-0.397303,0.981882,-2.778167,-1.175676,0.573705,-0.062751,0.004180,0.255472,-0.082221,-0.682358,0.138274,0.522872
1555578378,895863056,0.063492,-0.151706,-0.395447,0.981210,-2.783550,-1.174559,0.577838,-0.062751,0.002211,0.237345,-0.080266,-0.679122,0.148437,0.512469
1555578378,905859947,0.063492,-0.151347,-0.391506,0.980025,-2.794304,-1.172411,0.585901,-0.062751,0.019303,0.242804,-0.083116,-0.674544,0.137555,0.499023
1555578378,915858983,0.063492,-0.151060,-0.389661,0.979354,-2.799819,-1.171355,0.590165,-0.062751,0.023726,0.219078,-0.087130,-0.669774,0.118117,0.526611
1555578378,925863981,0.060168,-0.150940,-0.387733,0.978767,-2.805322,-1.170407,0.594406,-0.065550,0.010700,0.233421,-0.080675,-0.676174,0.128663,0.530350
1555578378,935909986,0.060168,-0.151012,-0.385840,0.978060,-2.810813,-1.169435,0.598528,-0.065550,0.004704,0.243852,-0.083155,-0.685354,0.123414,0.521601
1555578378,945862054,0.060168,-0.151395,-0.382019,0.976730,-2.821447,-1.167671,0.606602,-0.065550,-0.006622,0.228832,-0.086989,-0.673945,0.118572,0.508802
1555578378,955861091,0.060168,-0.151300,-0.380258,0.976131,-2.826686,-1.166686,0.610843,-0.065550,0.013013,0.203610,-0.087846,-0.668504,0.107786,0.536198
1555578378,965862035,0.060168,-0.151036,-0.378509,0.975425,-2.831925,-1.165749,0.615287,-0.065550,0.009805,0.220650,-0.084727,-0.667593,0.128998,0.537469
1555578378,975845098,0.056741,-0.150652,-0.376640,0.974766,-2.837177,-1.164778,0.619624,-0.064683,0.025707,0.227822,-0.079575,-0.672675,0.106899,0.525412
1555578378,985865116,0.056741,-0.150497,-0.373023,0.973580,-2.847906,-1.163074,0.627986,-0.064683,0.012566,0.229266,-0.079639,-0.666323,0.105030,0.513524
1555578378,995867967,0.056741,-0.150533,-0.371083,0.973101,-2.853398,-1.162221,0.632120,-0.064683,0.003451,0.250998,-0.073056,-0.688014,0.118045,0.527761
1555578379,5858898,0.056741,-0.150413,-0.369189,0.972322,-2.859104,-1.161309,0.636289,-0.064683,0.011582,0.256840,-0.086657,-0.716681,0.096090,0.538212
1555578379,15870094,0.056741,-0.150293,-0.367105,0.971711,-2.864751,-1.160541,0.640553,-0.064683,0.015174,0.259780,-0.080675,-0.719605,0.114090,0.536917
1555578379,25856018,0.053342,-0.150018,-0.363188,0.970538,-2.875721,-1.158909,0.649036,-0.066970,0.013154,0.223181,-0.069080,-0.669702,0.107882,0.520571
1555578379,35855054,0.053342,-0.149946,-0.361296,0.969975,-2.881248,-1.158081,0.653396,-0.066970,0.013333,0.261416,-0.075549,-0.705895,0.085567,0.548230
1555578379,45838117,0.053342,-0.149910,-0.359283,0.969280,-2.886894,-1.157348,0.657841,-0.066970,0.009741,0.262758,-0.085046,-0.709107,0.099086,0.550795
1555578379,55850982,0.053342,-0.149802,-0.357307,0.968561,-2.892601,-1.156496,0.662178,-0.066970,0.010917,0.240528,-0.084343,-0.708124,0.099493,0.541735
1555578379,65840005,0.053342,-0.149719,-0.353677,0.967303,-2.903379,-1.155032,0.670660,-0.066970,0.015519,0.210820,-0.076252,-0.661337,0.088156,0.539098
1555578379,75866937,0.053342,-0.149610,-0.351785,0.966692,-2.908870,-1.154432,0.674985,-0.066970,0.014701,0.248569,-0.084382,-0.694654,0.082020,0.555996
1555578379,85855960,0.049816,-0.149419,-0.349748,0.966010,-2.914481,-1.153712,0.679489,-0.065502,0.015979,0.245117,-0.086657,-0.701317,0.088707,0.552521
1555578379,95873117,0.049816,-0.149275,-0.347760,0.965315,-2.920067,-1.152967,0.683982,-0.065502,0.014202,0.238675,-0.089917,-0.703330,0.085663,0.553384
1555578379,105853080,0.049816,-0.148940,-0.343927,0.963961,-2.931169,-1.151719,0.692512,-0.065502,0.013780,0.234047,-0.086363,-0.703929,0.075261,0.536198
1555578379,115902900,0.049816,-0.148880,-0.342106,0.963291,-2.936660,-1.151192,0.696968,-0.065502,0.014215,0.207931,-0.088945,-0.694702,0.064211,0.560646
1555578379,125837087,0.049816,-0.148832,-0.340308,0.962584,-2.942103,-1.150675,0.701365,-0.065502,0.009498,0.226863,-0.084689,-0.693048,0.073224,0.562659
1555578379,135838031,0.046418,-0.148748,-0.338572,0.961961,-2.947569,-1.150075,0.705822,-0.066913,0.015634,0.223936,-0.080342,-0.689045,0.077226,0.559256
1555578379,145865917,0.046418,-0.148592,-0.335014,0.960440,-2.958611,-1.149079,0.714543,-0.066913,0.011978,0.232909,-0.090236,-0.684994,0.066776,0.541519
1555578379,155859947,0.046418,-0.148436,-0.333074,0.959757,-2.964030,-1.148503,0.719060,-0.066913,0.017014,0.254628,-0.092052,-0.699447,0.066369,0.559591
1555578379,165839910,0.046418,-0.148269,-0.331086,0.958882,-2.969857,-1.148035,0.723421,-0.066913,0.010252,0.266273,-0.099683,-0.724830,0.060089,0.561533
1555578379,175802946,0.046418,-0.148197,-0.328989,0.958044,-2.975838,-1.147507,0.727902,-0.066913,0.015826,0.262975,-0.101294,-0.733363,0.061815,0.562420
1555578379,186239004,0.042898,-0.147994,-0.324892,0.956714,-2.986772,-1.146546,0.736695,-0.066354,0.013550,0.239966,-0.080930,-0.670278,0.051820,0.551131
1555578379,196060895,0.042898,-0.147874,-0.322844,0.955984,-2.992467,-1.146210,0.741212,-0.066354,0.012016,0.284438,-0.101204,-0.710712,0.045971,0.564864
1555578379,205832004,0.042898,-0.147778,-0.320676,0.955025,-2.998281,-1.145754,0.745848,-0.066354,0.013282,0.269533,-0.111584,-0.712870,0.051748,0.566015
1555578379,215852975,0.042898,-0.147730,-0.318568,0.954162,-3.003988,-1.145358,0.750436,-0.066354,0.006277,0.259435,-0.107506,-0.708987,0.054840,0.566159
1555578379,225893974,0.042898,-0.147538,-0.314638,0.952749,-3.015197,-1.144554,0.759290,-0.066354,0.016247,0.216470,-0.082950,-0.680848,0.036887,0.546025
1555578379,235901117,0.039721,-0.147455,-0.312698,0.951947,-3.020544,-1.144327,0.763675,-0.062899,0.006046,0.264676,-0.112927,-0.685474,0.024855,0.571264
1555578379,246306896,0.039721,-0.147466,-0.310518,0.950928,-3.025926,-1.144098,0.768299,-0.062899,0.004704,0.261096,-0.112006,-0.685713,0.033939,0.563570
1555578379,255882024,0.039721,-0.147431,-0.308373,0.950150,-3.031477,-1.143834,0.772816,-0.062899,0.003426,0.254423,-0.102010,-0.697626,0.035210,0.562420
1555578379,265916109,0.039721,-0.147406,-0.304301,0.948257,-3.042530,-1.143486,0.781585,-0.062899,0.002723,0.260432,-0.119535,-0.674952,0.044054,0.547463
1555578379,275841951,0.039721,-0.147263,-0.302324,0.947515,-3.047889,-1.143246,0.785946,-0.062899,0.018497,0.231069,-0.082912,-0.675623,0.013902,0.555349
1555578379,285895109,0.036489,-0.147143,-0.300407,0.946976,-3.053524,-1.143018,0.790403,-0.061449,0.012067,0.224434,-0.060656,-0.702060,0.037990,0.563570
1555578379,295861005,0.036489,-0.146987,-0.298623,0.946472,-3.059062,-1.142838,0.794932,-0.061449,0.015238,0.232283,-0.066319,-0.695109,0.014333,0.566686
1555578379,305881023,0.036489,-0.146915,-0.294669,0.944867,-3.069996,-1.142538,0.803857,-0.061449,0.003758,0.259115,-0.121248,-0.663183,0.009947,0.539482
1555578379,315865993,0.036489,-0.146915,-0.292693,0.943909,-3.075282,-1.142525,0.808266,-0.061449,0.002787,0.220407,-0.113809,-0.672435,0.005585,0.569682
1555578379,325881004,0.036489,-0.146784,-0.290896,0.943082,-3.080797,-1.142417,0.812950,-0.061449,0.013039,0.233165,-0.105512,-0.676749,0.021452,0.568747
1555578379,335865020,0.033624,-0.146640,-0.288932,0.942172,-3.086012,-1.142333,0.817455,-0.055704,0.009050,0.237473,-0.113361,-0.679098,0.009252,0.563067
1555578379,345866918,0.033624,-0.146581,-0.284870,0.940231,-3.096537,-1.142333,0.826069,-0.055704,0.006098,0.252953,-0.129468,-0.664861,0.002804,0.546529
1555578379,355866909,0.033624,-0.146569,-0.282822,0.939153,-3.101956,-1.142381,0.830430,-0.055704,0.005471,0.275912,-0.138250,-0.683700,0.002085,0.562659
1555578379,365866899,0.033624,-0.146401,-0.280558,0.937895,-3.107591,-1.142346,0.834947,-0.055704,0.015417,0.288286,-0.150100,-0.700933,-0.000431,0.570593
1555578379,375869989,0.033624,-0.146293,-0.278378,0.936781,-3.113177,-1.142333,0.839511,-0.055704,0.007529,0.273355,-0.141382,-0.693311,-0.000431,0.567837
1555578379,385859012,0.030806,-0.146353,-0.274257,0.934744,-3.123739,-1.142586,0.848317,-0.052244,0.009843,0.245565,-0.123370,-0.649737,-0.024160,0.543389
1555578379,395845890,0.030806,-0.146233,-0.272329,0.933774,-3.129097,-1.142622,0.852654,-0.052244,0.009779,0.287097,-0.126093,-0.688038,-0.009731,0.565536
1555578379,405873060,0.030806,-0.146173,-0.270149,0.932600,-3.134672,-1.142634,0.857147,-0.052244,0.003963,0.285359,-0.135745,-0.696044,-0.001630,0.578071
1555578379,415868997,0.030806,-0.146101,-0.268004,0.931546,-3.140402,-1.142838,0.861712,-0.052244,0.009779,0.275426,-0.134850,-0.699351,-0.025910,0.566926
1555578379,425863027,0.030806,-0.145945,-0.263824,0.929582,-3.150880,-1.142910,0.870661,-0.052244,0.005458,0.248364,-0.123958,-0.651558,-0.019606,0.551131
1555578379,435885906,0.029986,-0.145885,-0.261584,0.928576,-3.156202,-1.143102,0.875250,-0.051993,0.010521,0.300660,-0.125582,-0.687008,-0.018504,0.567189
1555578379,445858001,0.028346,-0.145850,-0.259080,0.927521,-3.161669,-1.143150,0.879766,-0.047374,0.009229,0.299702,-0.127819,-0.679098,-0.007167,0.568508
1555578379,455851078,0.028346,-0.145778,-0.256768,0.926539,-3.167231,-1.143366,0.884295,-0.047374,0.003451,0.282227,-0.126873,-0.691250,-0.015627,0.574715
1555578379,465856075,0.028346,-0.145658,-0.252060,0.924383,-3.178080,-1.143798,0.892993,-0.047374,0.006468,0.289756,-0.132677,-0.668816,-0.024592,0.534472
1555578379,475867033,0.028346,-0.145634,-0.249796,0.923328,-3.183739,-1.144170,0.897534,-0.047374,0.004704,0.258898,-0.128011,-0.681351,-0.050861,0.567381
1555578379,485881090,0.028346,-0.145610,-0.247604,0.922430,-3.189265,-1.144374,0.902015,-0.047374,0.002863,0.282802,-0.121248,-0.678427,-0.023681,0.560406
1555578379,495897054,0.025971,-0.145538,-0.245496,0.921316,-3.194671,-1.144662,0.906604,-0.044326,0.009830,0.273113,-0.125940,-0.678499,-0.030224,0.562827
1555578379,505914926,0.025971,-0.145502,-0.241291,0.919172,-3.205124,-1.145238,0.914990,-0.044326,0.003004,0.274570,-0.132843,-0.649185,-0.035377,0.531141
1555578379,515872001,0.025971,-0.145550,-0.239111,0.918069,-3.210399,-1.145646,0.919291,-0.044326,0.001828,0.299139,-0.143964,-0.678499,-0.052874,0.554486
1555578379,525854110,0.025971,-0.145490,-0.236775,0.916884,-3.215854,-1.145983,0.923724,-0.044326,0.008744,0.302667,-0.148694,-0.688206,-0.050813,0.553743
1555578379,535866975,0.025971,-0.145430,-0.234403,0.915614,-3.221296,-1.146427,0.928169,-0.044326,0.006277,0.293476,-0.154037,-0.676605,-0.049543,0.556236
1555578379,545826911,0.023762,-0.145251,-0.230067,0.913529,-3.231737,-1.147195,0.936975,-0.040535,0.007478,0.254308,-0.124329,-0.637800,-0.060856,0.530134
1555578379,555855989,0.023762,-0.145239,-0.227851,0.912548,-3.236975,-1.147734,0.941337,-0.040535,0.007159,0.297605,-0.133405,-0.673801,-0.062078,0.546313
1555578379,565862894,0.023762,-0.145299,-0.225551,0.911397,-3.242478,-1.148191,0.945757,-0.040535,0.004180,0.300072,-0.138953,-0.678691,-0.058243,0.546577
1555578379,575869083,0.023762,-0.145263,-0.223227,0.910295,-3.247932,-1.148623,0.949998,-0.040535,0.002211,0.283083,-0.136831,-0.677636,-0.056038,0.547847
1555578379,585854053,0.023762,-0.145131,-0.219142,0.908474,-3.258361,-1.149691,0.958505,-0.040535,0.007529,0.233958,-0.104285,-0.642642,-0.060400,0.516256
1555578379,595851898,0.021887,-0.145119,-0.217034,0.907648,-3.263612,-1.150171,0.962842,-0.035566,0.005382,0.280054,-0.110587,-0.668240,-0.066776,0.536198
1555578379,605823993,0.021887,-0.145131,-0.214746,0.906785,-3.268911,-1.150699,0.967215,-0.035566,0.012668,0.282099,-0.113527,-0.670997,-0.077562,0.538811
1555578379,615869998,0.021887,-0.145011,-0.212529,0.905923,-3.274305,-1.151335,0.971588,-0.035566,0.012975,0.277152,-0.112466,-0.681064,-0.065937,0.537397
1555578379,625878095,0.021887,-0.144867,-0.208217,0.903994,-3.284674,-1.152416,0.979664,-0.035566,0.014944,0.271540,-0.122552,-0.648083,-0.075525,0.502810
1555578379,635910034,0.021887,-0.144831,-0.206097,0.903083,-3.290044,-1.153087,0.983857,-0.035566,0.007529,0.257491,-0.104285,-0.677636,-0.081972,0.534736
1555578379,645891904,0.020097,-0.144831,-0.203821,0.902353,-3.295511,-1.153784,0.988146,-0.033206,0.005791,0.276155,-0.102201,-0.669199,-0.077107,0.532076
1555578379,655869960,0.020097,-0.144736,-0.201604,0.901562,-3.300893,-1.154432,0.992447,-0.033206,0.011965,0.273956,-0.104554,-0.672291,-0.085424,0.532963
1555578379,665848970,0.020097,-0.144508,-0.197543,0.899717,-3.311166,-1.155656,1.000714,-0.033206,0.008373,0.258463,-0.111955,-0.645950,-0.083362,0.501851
1555578379,675867080,0.020097,-0.144472,-0.195507,0.898878,-3.316524,-1.156352,1.004992,-0.033206,0.005382,0.235108,-0.085468,-0.679530,-0.092830,0.529775
1555578379,685863018,0.020097,-0.144580,-0.193327,0.898399,-3.321871,-1.157096,1.009053,-0.033206,0.004487,0.267309,-0.081800,-0.670997,-0.085687,0.520307
1555578379,695856094,0.018570,-0.144604,-0.190966,0.897693,-3.326989,-1.157841,1.013330,-0.029458,0.002595,0.270006,-0.086811,-0.658869,-0.094651,0.525628
1555578379,705871105,0.018570,-0.144352,-0.186954,0.896231,-3.337322,-1.159184,1.021298,-0.029458,0.013972,0.250691,-0.096449,-0.645638,-0.090960,0.493151
1555578379,715871095,0.018570,-0.144161,-0.184965,0.895393,-3.342597,-1.159965,1.025335,-0.029458,0.010406,0.266273,-0.104950,-0.671979,-0.097264,0.511055
1555578379,725867986,0.018570,-0.144172,-0.182881,0.894590,-3.348003,-1.160661,1.029517,-0.029458,0.010674,0.265813,-0.101460,-0.675838,-0.097312,0.515753
1555578379,735873937,0.018570,-0.144185,-0.180868,0.893751,-3.353385,-1.161465,1.033579,-0.029458,0.003426,0.258783,-0.101204,-0.674808,-0.100739,0.513955
1555578379,745873928,0.017137,-0.144268,-0.177095,0.892325,-3.363754,-1.163110,1.041403,-0.027194,0.001393,0.229100,-0.077837,-0.636338,-0.102297,0.487303
1555578379,755867958,0.017137,-0.144256,-0.175142,0.891751,-3.368968,-1.163889,1.045297,-0.027194,0.001074,0.275554,-0.080304,-0.668864,-0.097288,0.505686
1555578379,765870094,0.017137,-0.144209,-0.172974,0.891128,-3.374338,-1.164682,1.049418,-0.027194,0.000984,0.273713,-0.078080,-0.674544,-0.112700,0.506645
1555578379,775945901,0.017137,-0.144101,-0.170949,0.890409,-3.379744,-1.165474,1.053504,-0.027194,0.003643,0.251509,-0.084522,-0.671404,-0.094795,0.507124
1555578379,785902023,0.017137,-0.144089,-0.167320,0.889379,-3.390089,-1.167178,1.061387,-0.027194,0.005382,0.227323,-0.044818,-0.640821,-0.102393,0.484187
1555578379,797461032,0.015882,-0.144149,-0.165187,0.889067,-3.395292,-1.168006,1.065365,-0.023946,0.002506,0.264228,-0.054865,-0.667234,-0.114929,0.504800
1555578379,805867910,0.015882,-0.144137,-0.163067,0.888600,-3.400698,-1.168967,1.069319,-0.023946,0.001636,0.261531,-0.054559,-0.667929,-0.107475,0.501348
1555578379,815876007,0.015882,-0.144089,-0.161043,0.888121,-3.406068,-1.169807,1.073225,-0.023946,0.001214,0.251304,-0.059045,-0.670997,-0.116223,0.495931
1555578379,825877904,0.015882,-0.144005,-0.156969,0.887378,-3.416545,-1.171679,1.080762,-0.023946,0.006277,0.249770,-0.041545,-0.652134,-0.120633,0.475246
1555578379,835874080,0.015882,-0.144005,-0.154933,0.887282,-3.421830,-1.172580,1.084679,-0.023946,0.009447,0.236195,-0.008373,-0.664166,-0.110662,0.492983
1555578379,845877885,0.015176,-0.143993,-0.153100,0.887247,-3.427296,-1.173576,1.088645,-0.023980,0.008373,0.225329,-0.003004,-0.678427,-0.124972,0.498544
1555578379,855875968,0.014659,-0.143945,-0.151339,0.887319,-3.432774,-1.174559,1.092528,-0.022958,0.003336,0.231721,-0.009702,-0.677468,-0.109320,0.497154
1555578379,865869045,0.014659,-0.143562,-0.147710,0.887043,-3.443250,-1.176360,1.100124,-0.022958,0.022115,0.223910,-0.004794,-0.643601,-0.109488,0.465491
1555578379,875838994,0.014659,-0.143263,-0.145996,0.887103,-3.448537,-1.177357,1.103790,-0.022958,0.027663,0.213108,0.016247,-0.663830,-0.121496,0.481358
1555578379,885869979,0.014659,-0.143023,-0.144379,0.887247,-3.454099,-1.178388,1.107588,-0.022958,0.024672,0.209746,0.005190,-0.682693,-0.125331,0.483755
1555578379,895864963,0.014659,-0.142807,-0.142869,0.887247,-3.459481,-1.179241,1.111494,-0.022958,0.017142,0.202409,0.006852,-0.678978,-0.114449,0.483396
1555578379,905878067,0.013571,-0.143083,-0.139599,0.887546,-3.469837,-1.181317,1.118911,-0.021471,-0.000920,0.203010,0.026359,-0.641492,-0.127009,0.459044
1555578379,915877103,0.013571,-0.143131,-0.138006,0.887857,-3.475387,-1.182386,1.122721,-0.021471,-0.000920,0.228423,0.034182,-0.677924,-0.137363,0.474647
1555578379,925863027,0.013571,-0.143155,-0.136185,0.887989,-3.480889,-1.183346,1.126591,-0.021471,-0.000920,0.218771,0.022588,-0.683676,-0.127872,0.479297
1555578379,935856103,0.013571,-0.142903,-0.134580,0.888061,-3.486559,-1.184426,1.130389,-0.021471,0.019367,0.202805,0.012809,-0.684036,-0.136309,0.477212
1555578379,945858001,0.013571,-0.142759,-0.131393,0.888732,-3.496987,-1.186526,1.137518,-0.021471,0.004180,0.188066,0.045892,-0.647675,-0.123485,0.446293
1555578379,955864906,0.012511,-0.142604,-0.129908,0.889187,-3.502381,-1.187595,1.141077,-0.019793,0.017909,0.210488,0.045981,-0.677828,-0.147094,0.458852
1555578379,965897083,0.012511,-0.142508,-0.128351,0.889355,-3.507895,-1.188735,1.144779,-0.019793,0.006852,0.196516,0.035039,-0.678691,-0.138657,0.460218
1555578379,975872993,0.012511,-0.142436,-0.126793,0.889655,-3.513336,-1.189911,1.148422,-0.019793,0.006724,0.194560,0.038656,-0.673945,-0.135158,0.456263
1555578379,985867023,0.012511,-0.142448,-0.123547,0.890242,-3.523573,-1.192000,1.155515,-0.019793,-0.017372,0.201412,0.030334,-0.634061,-0.136524,0.426183
1555578379,995866060,0.012511,-0.142651,-0.121966,0.890409,-3.528679,-1.193080,1.159157,-0.019793,-0.005957,0.216470,0.014471,-0.646165,-0.135614,0.447994
1555578380,5870103,0.011541,-0.142879,-0.120277,0.890505,-3.533845,-1.194244,1.162740,-0.018758,-0.017590,0.209069,0.016772,-0.649185,-0.141893,0.438359
1555578380,15853881,0.011541,-0.143035,-0.118419,0.890852,-3.538951,-1.195336,1.166215,-0.018758,-0.009255,0.221596,0.033939,-0.634373,-0.134703,0.440540
1555578380,25862932,0.011541,-0.142987,-0.115041,0.891056,-3.549139,-1.197521,1.173044,-0.018758,-0.007529,0.208570,0.005024,-0.610452,-0.138130,0.411323
1555578380,35866022,0.011541,-0.142963,-0.113244,0.890948,-3.553861,-1.198589,1.176447,-0.018758,0.000000,0.227144,-0.013371,-0.612106,-0.139209,0.431744
1555578380,45872926,0.011541,-0.142927,-0.111531,0.890841,-3.558848,-1.199777,1.179933,-0.018758,-0.011671,0.220177,-0.007632,-0.623683,-0.140144,0.426135
1555578380,55856943,0.010682,-0.142987,-0.109770,0.890973,-3.563834,-1.200929,1.183432,-0.015752,-0.004704,0.216598,0.014432,-0.619009,-0.146975,0.426183
1555578380,65866947,0.010682,-0.143059,-0.106332,0.890757,-3.573351,-1.203246,1.190190,-0.015752,-0.010955,0.209964,-0.010815,-0.582553,-0.143523,0.400752
1555578380,75861930,0.010682,-0.143179,-0.104475,0.890685,-3.578038,-1.204470,1.193569,-0.015752,-0.025822,0.249476,-0.026755,-0.612394,-0.156059,0.421965
1555578380,85872888,0.010682,-0.143502,-0.102498,0.890469,-3.582988,-1.205743,1.196864,-0.015752,-0.021143,0.224920,-0.018075,-0.611315,-0.144961,0.415996
1555578380,95879077,0.010682,-0.143790,-0.100654,0.890289,-3.587830,-1.206943,1.200183,-0.015752,-0.024608,0.226978,-0.019980,-0.609398,-0.142349,0.415829
1555578380,105865001,0.009904,-0.144077,-0.097083,0.890002,-3.596952,-1.209296,1.206701,-0.014578,-0.019111,0.202805,-0.023483,-0.571024,-0.134535,0.397732
1555578380,115848064,0.009904,-0.144101,-0.095371,0.889834,-3.601674,-1.210484,1.209984,-0.014578,-0.017730,0.231158,-0.036049,-0.589624,-0.149204,0.416811
1555578380,125844001,0.009904,-0.144172,-0.093550,0.889523,-3.606229,-1.211648,1.213315,-0.014578,-0.011262,0.216930,-0.031868,-0.579270,-0.152679,0.410532
1555578380,135929107,0.009904,-0.144293,-0.091837,0.889235,-3.610975,-1.212837,1.216610,-0.014578,-0.017270,0.211140,-0.032367,-0.596335,-0.148509,0.408638
1555578380,145853996,0.009904,-0.144699,-0.088698,0.888708,-3.619749,-1.215093,1.222925,-0.014578,-0.024799,0.189191,-0.032290,-0.554007,-0.144961,0.379780
1555578380,155855894,0.009279,-0.145023,-0.087033,0.888552,-3.624304,-1.216329,1.226028,-0.012068,-0.038030,0.231938,-0.030437,-0.575482,-0.153350,0.394281
1555578380,165852069,0.009279,-0.145287,-0.085332,0.888217,-3.628691,-1.217518,1.229096,-0.012068,-0.029184,0.213172,-0.037404,-0.562420,-0.136357,0.390710
1555578380,175851106,0.009279,-0.145526,-0.083631,0.887953,-3.633425,-1.218670,1.232271,-0.012068,-0.029210,0.208992,-0.032073,-0.576609,-0.152224,0.390350
1555578380,185858011,0.009279,-0.145885,-0.080313,0.887498,-3.642114,-1.221022,1.238298,-0.012068,-0.022831,0.214335,-0.026295,-0.550412,-0.132138,0.374555
1555578380,195842981,0.009279,-0.146029,-0.078623,0.887319,-3.646393,-1.222211,1.241341,-0.012068,-0.007529,0.225738,-0.033108,-0.555157,-0.164927,0.396246
1555578380,205868005,0.008684,-0.146161,-0.076838,0.886983,-3.650852,-1.223567,1.244504,-0.011248,-0.023687,0.220650,-0.034029,-0.560646,-0.161691,0.388577
1555578380,215871095,0.008684,-0.146293,-0.075005,0.886743,-3.655155,-1.224719,1.247704,-0.011248,-0.017526,0.226237,-0.028149,-0.557746,-0.144434,0.385029
1555578380,225856065,0.008684,-0.146544,-0.071507,0.886324,-3.663796,-1.227252,1.253719,-0.011248,-0.013410,0.213543,-0.028839,-0.528552,-0.157928,0.358712
1555578380,235869884,0.008684,-0.146653,-0.069686,0.886073,-3.668087,-1.228512,1.256739,-0.011248,-0.007529,0.228384,-0.036841,-0.543772,-0.166173,0.374938
1555578380,245871067,0.008684,-0.146653,-0.067841,0.885737,-3.672342,-1.229857,1.259698,-0.011248,0.000000,0.224396,-0.036790,-0.536630,-0.156874,0.370888
1555578380,255871057,0.008684,-0.146712,-0.065996,0.885545,-3.676609,-1.231129,1.262706,-0.011248,-0.015634,0.223450,-0.029337,-0.541279,-0.161332,0.376640
1555578380,265872955,0.008191,-0.146653,-0.062654,0.884839,-3.684939,-1.233710,1.268361,-0.009535,0.004270,0.210488,-0.036611,-0.509785,-0.167348,0.351833
1555578380,275872945,0.008191,-0.146664,-0.060786,0.884563,-3.688990,-1.235054,1.271177,-0.009535,-0.006852,0.238943,-0.040178,-0.531788,-0.155148,0.368323
1555578380,285875082,0.008191,-0.146604,-0.058856,0.884312,-3.693293,-1.236350,1.274197,-0.009535,0.006328,0.223616,-0.038350,-0.529415,-0.165406,0.361612
1555578380,295864105,0.008191,-0.146664,-0.057203,0.883964,-3.697572,-1.237671,1.277180,-0.009535,-0.008373,0.216598,-0.039142,-0.524693,-0.163705,0.361780
1555578380,305836915,0.008191,-0.146604,-0.053969,0.883341,-3.705638,-1.240228,1.282848,-0.009535,0.004449,0.197359,-0.034246,-0.492743,-0.162722,0.345505
1555578380,315854072,0.007725,-0.146653,-0.052280,0.883053,-3.709509,-1.241512,1.285699,-0.008461,-0.004436,0.224882,-0.045431,-0.507628,-0.158863,0.359455
1555578380,325855970,0.007725,-0.146616,-0.050602,0.882586,-3.713728,-1.242677,1.288563,-0.008461,-0.003579,0.213108,-0.047157,-0.509162,-0.169601,0.350491
1555578380,335855007,0.007725,-0.146569,-0.049033,0.882227,-3.717683,-1.244008,1.291307,-0.008461,0.000729,0.209849,-0.047221,-0.504800,-0.165167,0.348765
1555578380,345854043,0.007725,-0.146604,-0.045703,0.881485,-3.725414,-1.246565,1.296711,-0.008461,0.000729,0.202409,-0.039270,-0.478314,-0.157569,0.336948
1555578380,355860948,0.007725,-0.146640,-0.043990,0.881196,-3.729417,-1.247934,1.299407,-0.008461,-0.000332,0.220650,-0.042082,-0.494349,-0.178517,0.346512
1555578380,365833997,0.007301,-0.146628,-0.042372,0.880861,-3.733335,-1.249170,1.302211,-0.008090,-0.005139,0.206678,-0.045610,-0.487542,-0.169433,0.339393
1555578380,375976085,0.007301,-0.146628,-0.040683,0.880442,-3.737339,-1.250538,1.305027,-0.008090,0.001087,0.205758,-0.047362,-0.490107,-0.166557,0.338722
1555578380,385967016,0.007301,-0.146688,-0.037365,0.879903,-3.744890,-1.253191,1.310228,-0.008090,-0.007529,0.206269,-0.032111,-0.464077,-0.162218,0.321776
1555578380,395870923,0.007301,-0.146712,-0.035748,0.879591,-3.748593,-1.254451,1.313007,-0.008090,-0.003004,0.209746,-0.044652,-0.481550,-0.181992,0.336301
1555578380,405862092,0.007301,-0.146831,-0.034106,0.879232,-3.752572,-1.255808,1.315680,-0.008090,-0.001074,0.199187,-0.043182,-0.476780,-0.164927,0.326354
1555578380,415855884,0.006925,-0.146879,-0.032465,0.878800,-3.756240,-1.257188,1.318327,-0.007135,-0.011351,0.205643,-0.045968,-0.470860,-0.163944,0.336469
1555578380,425856113,0.006925,-0.146915,-0.029158,0.878369,-3.763430,-1.259709,1.323276,-0.007135,-0.003656,0.197168,-0.033479,-0.443488,-0.164400,0.310320
1555578380,435842037,0.006925,-0.146867,-0.027589,0.878010,-3.767278,-1.261041,1.325793,-0.007135,-0.002659,0.213773,-0.042555,-0.464676,-0.172165,0.317462
1555578380,445832967,0.006925,-0.146819,-0.025912,0.877651,-3.770898,-1.262326,1.328333,-0.007135,-0.002659,0.210270,-0.040420,-0.462855,-0.154692,0.324557
1555578380,455851078,0.006925,-0.146879,-0.024187,0.877387,-3.774529,-1.263611,1.330933,-0.007135,0.002096,0.211574,-0.040152,-0.465899,-0.169840,0.320938
1555578380,465845108,0.006603,-0.147035,-0.021072,0.876872,-3.781564,-1.266263,1.335750,-0.006184,-0.005458,0.193818,-0.034361,-0.436729,-0.162506,0.300804
1555578380,475869894,0.006603,-0.147131,-0.019503,0.876548,-3.785183,-1.267631,1.338207,-0.006184,-0.003758,0.212124,-0.040663,-0.457270,-0.167108,0.321489
1555578380,485873937,0.006603,-0.147179,-0.017802,0.876237,-3.788815,-1.269048,1.340711,-0.006184,-0.002084,0.203815,-0.039398,-0.451230,-0.157641,0.312812
1555578380,495913028,0.006603,-0.147167,-0.016172,0.875949,-3.792434,-1.270308,1.343287,-0.006184,-0.007235,0.206052,-0.032687,-0.452381,-0.171231,0.306700
1555578380,505872011,0.006603,-0.147083,-0.013213,0.875422,-3.799362,-1.272937,1.348080,-0.006184,0.005382,0.183042,-0.033722,-0.426375,-0.150522,0.293685
1555578380,515877008,0.006301,-0.147071,-0.011704,0.875075,-3.802718,-1.274257,1.350477,-0.005864,-0.006456,0.203521,-0.040625,-0.437280,-0.155220,0.302506
1555578380,525873899,0.006301,-0.147083,-0.010039,0.874799,-3.806277,-1.275494,1.352933,-0.005864,-0.004704,0.193371,-0.036138,-0.442553,-0.165095,0.300804
1555578380,535872936,0.006301,-0.147131,-0.008493,0.874560,-3.809848,-1.276730,1.355270,-0.005864,0.001138,0.189984,-0.032814,-0.442026,-0.167659,0.304687
1555578380,545830965,0.006301,-0.147251,-0.005630,0.873985,-3.816440,-1.279251,1.359799,-0.005864,-0.005024,0.179373,-0.034284,-0.413887,-0.143499,0.285273
1555578380,555870056,0.006301,-0.147347,-0.004144,0.873745,-3.819988,-1.280475,1.362124,-0.005864,-0.034515,0.190687,-0.036049,-0.432990,-0.161092,0.296897
1555578380,565859079,0.006029,-0.147502,-0.002563,0.873434,-3.823343,-1.281711,1.364436,-0.005163,-0.012885,0.184269,-0.035294,-0.425847,-0.156730,0.287358
1555578380,575963973,0.006029,-0.147514,-0.001102,0.873206,-3.826759,-1.282972,1.366713,-0.005163,-0.004180,0.189280,-0.033556,-0.424002,-0.139976,0.289467
1555578380,585861921,0.006029,-0.147922,0.001714,0.872607,-3.833183,-1.285361,1.371074,-0.005163,-0.020530,0.174209,-0.034387,-0.404875,-0.159438,0.269405
1555578380,595868110,0.006029,-0.148209,0.003187,0.872368,-3.836455,-1.286549,1.373327,-0.005163,-0.043182,0.183771,-0.033415,-0.410843,-0.150090,0.284362
1555578380,605870962,0.006029,-0.148520,0.004553,0.872068,-3.839702,-1.287774,1.375568,-0.005163,-0.028481,0.179910,-0.034872,-0.415038,-0.150666,0.278873
1555578380,615858078,0.005928,-0.148736,0.005967,0.871889,-3.843010,-1.289046,1.377869,-0.004845,-0.028698,0.179693,-0.031447,-0.406265,-0.156730,0.275062
1555578380,625858068,0.005779,-0.149239,0.008698,0.871385,-3.849147,-1.291279,1.382123,-0.004605,-0.034502,0.175999,-0.028455,-0.392435,-0.144026,0.261328
1555578380,635874986,0.005779,-0.149682,0.010315,0.871146,-3.852299,-1.292491,1.384184,-0.004605,-0.053728,0.201322,-0.028954,-0.403653,-0.157832,0.265762
1555578380,645890951,0.005779,-0.150090,0.011909,0.870954,-3.855654,-1.293655,1.386268,-0.004605,-0.046838,0.192732,-0.028634,-0.411179,-0.151457,0.268495
1555578380,655925035,0.005779,-0.150556,0.013490,0.870738,-3.858782,-1.294916,1.388426,-0.004605,-0.049969,0.193818,-0.030360,-0.404204,-0.139832,0.267056
1555578380,665872097,0.005779,-0.151323,0.016389,0.870319,-3.864918,-1.297185,1.392416,-0.004605,-0.049049,0.175692,-0.027228,-0.382249,-0.142468,0.256127
1555578380,675865888,0.005549,-0.151742,0.017767,0.870031,-3.867950,-1.298433,1.394429,-0.004079,-0.037825,0.188245,-0.036790,-0.399842,-0.144506,0.258380
1555578380,685857057,0.005549,-0.152102,0.019265,0.869828,-3.871078,-1.299585,1.396514,-0.004079,-0.045840,0.184602,-0.029874,-0.390854,-0.151241,0.263773
1555578380,695858955,0.005549,-0.152425,0.020750,0.869564,-3.874170,-1.300774,1.398611,-0.004079,-0.044204,0.183541,-0.033454,-0.393754,-0.146711,0.258380
1555578380,705863952,0.005549,-0.153072,0.023530,0.869025,-3.880067,-1.302934,1.402482,-0.004079,-0.041085,0.167332,-0.034566,-0.365135,-0.142013,0.242417
1555578380,715894937,0.005549,-0.153383,0.024859,0.868822,-3.883110,-1.304015,1.404566,-0.004079,-0.030552,0.177827,-0.036381,-0.376640,-0.144913,0.251117
1555578380,725852012,0.005351,-0.153647,0.026261,0.868522,-3.886190,-1.305263,1.406544,-0.003568,-0.037787,0.173838,-0.036355,-0.381578,-0.147622,0.252651
1555578380,735877990,0.005351,-0.153899,0.027794,0.868235,-3.889055,-1.306392,1.408617,-0.003568,-0.035345,0.174350,-0.033748,-0.371679,-0.154477,0.245796
1555578380,745866060,0.005351,-0.154389,0.030274,0.867791,-3.894735,-1.308708,1.412296,-0.003568,-0.033006,0.159483,-0.033671,-0.354302,-0.141582,0.229977
1555578380,755856990,0.005351,-0.154653,0.031556,0.867455,-3.897648,-1.309885,1.414236,-0.003568,-0.028826,0.164916,-0.035678,-0.359455,-0.150210,0.236760
1555578380,765856981,0.005351,-0.154917,0.032922,0.867276,-3.900584,-1.311014,1.416106,-0.003568,-0.032367,0.162896,-0.030028,-0.367412,-0.148868,0.241746
1555578380,775851011,0.005174,-0.155204,0.034216,0.867001,-3.903496,-1.312214,1.417999,-0.003175,-0.030628,0.159790,-0.031191,-0.359814,-0.148580,0.246923
1555578380,785847902,0.005174,-0.155527,0.036312,0.866414,-3.908889,-1.314507,1.421630,-0.003175,-0.025490,0.147837,-0.030922,-0.348477,-0.141198,0.231104
1555578380,795867919,0.005174,-0.155814,0.037546,0.866162,-3.911645,-1.315623,1.423451,-0.003175,-0.024122,0.167869,-0.033249,-0.348597,-0.138490,0.233764
1555578380,805819034,0.005174,-0.155994,0.038924,0.865983,-3.914605,-1.316824,1.425321,-0.003175,-0.027330,0.168290,-0.026154,-0.349963,-0.145848,0.228563
1555578380,815855979,0.005174,-0.156198,0.040314,0.865755,-3.917421,-1.317868,1.427142,-0.003175,-0.023687,0.163995,-0.028008,-0.349963,-0.141941,0.233716
1555578380,825870037,0.005174,-0.156653,0.042614,0.865515,-3.922755,-1.319993,1.430641,-0.003175,-0.026819,0.153181,-0.021808,-0.333857,-0.139592,0.216459
1555578380,835870981,0.005021,-0.156821,0.043896,0.865252,-3.925463,-1.321109,1.432403,-0.002864,-0.022025,0.168700,-0.022601,-0.338482,-0.130508,0.215261
1555578380,845861911,0.005021,-0.157060,0.045166,0.865120,-3.928160,-1.322213,1.434140,-0.002864,-0.025886,0.165171,-0.021923,-0.342485,-0.135614,0.225567
1555578380,855868101,0.005021,-0.157264,0.046580,0.865000,-3.930879,-1.323258,1.435974,-0.002864,-0.024454,0.168700,-0.014624,-0.337620,-0.142013,0.217250
1555578380,865869045,0.005021,-0.157515,0.049155,0.864713,-3.936129,-1.325275,1.439329,-0.002864,-0.020606,0.163599,-0.012182,-0.324293,-0.134271,0.205961
1555578380,875855922,0.005021,-0.157707,0.050569,0.864629,-3.938730,-1.326379,1.441018,-0.002864,-0.022792,0.174426,-0.020428,-0.328008,-0.142684,0.214350
1555578380,885859966,0.004889,-0.157923,0.052103,0.864557,-3.941402,-1.327544,1.442732,-0.002405,-0.024454,0.173468,-0.006801,-0.323790,-0.127033,0.211138
1555578380,895862102,0.004889,-0.158090,0.053432,0.864533,-3.944074,-1.328587,1.444386,-0.002405,-0.022984,0.162819,-0.013691,-0.333928,-0.141054,0.211641
1555578380,905865907,0.004889,-0.158426,0.055600,0.864173,-3.948880,-1.330857,1.447549,-0.002405,-0.022204,0.141433,-0.022741,-0.305742,-0.125235,0.201503
1555578380,915860891,0.004889,-0.158617,0.056858,0.864089,-3.951433,-1.331865,1.449143,-0.002405,-0.019609,0.147837,-0.020645,-0.314754,-0.135518,0.205625
1555578380,925865888,0.004889,-0.158725,0.058021,0.863898,-3.953937,-1.333017,1.450761,-0.002405,-0.022115,0.147735,-0.015647,-0.314562,-0.127968,0.205482
1555578380,935858011,0.004781,-0.158881,0.059147,0.863778,-3.956490,-1.334026,1.452294,-0.001870,-0.017820,0.138391,-0.017858,-0.316431,-0.136788,0.204667
1555578380,945866107,0.004781,-0.159216,0.061040,0.863359,-3.961128,-1.335971,1.455290,-0.001870,-0.018446,0.131654,-0.023726,-0.298695,-0.120993,0.189830
1555578380,955853939,0.004781,-0.159372,0.062238,0.863227,-3.963584,-1.336943,1.456860,-0.001870,-0.032303,0.149883,-0.016005,-0.310200,-0.129238,0.192922
1555578380,965873956,0.004781,-0.159588,0.063532,0.863227,-3.966125,-1.337987,1.458370,-0.001870,-0.020389,0.145690,-0.006852,-0.310320,-0.112963,0.197141
1555578380,975809097,0.004781,-0.159779,0.064658,0.863167,-3.968486,-1.338875,1.459988,-0.001870,-0.022383,0.138672,-0.012949,-0.303536,-0.127129,0.191172
1555578380,985873937,0.004693,-0.160186,0.066563,0.862988,-3.973100,-1.340725,1.462923,-0.001631,-0.027612,0.130746,-0.003694,-0.287717,-0.122934,0.191268
1555578380,995843887,0.004693,-0.160450,0.067713,0.862976,-3.975616,-1.341636,1.464421,-0.001631,-0.042197,0.138480,-0.013576,-0.304879,-0.109943,0.189423
1555578381,5875110,0.004693,-0.160762,0.068671,0.862904,-3.978026,-1.342573,1.465883,-0.001631,-0.029874,0.132498,-0.006788,-0.299965,-0.123917,0.195607
1555578381,15860080,0.004693,-0.160989,0.069618,0.862748,-3.980470,-1.343569,1.467429,-0.001631,-0.032456,0.122258,-0.019175,-0.296897,-0.121760,0.185444
1555578381,25846004,0.004693,-0.161683,0.071355,0.862604,-3.984952,-1.345382,1.470257,-0.001631,-0.038196,0.127704,-0.003272,-0.285968,-0.111837,0.168786
1555578381,35856008,0.004693,-0.162007,0.072600,0.862676,-3.987301,-1.346306,1.471755,-0.001631,-0.042351,0.147198,-0.001675,-0.286974,-0.124708,0.181034
1555578381,45842885,0.004622,-0.162318,0.073763,0.862700,-3.989470,-1.347243,1.473157,-0.001263,-0.038874,0.138020,0.006072,-0.286207,-0.125906,0.180051
1555578381,55840969,0.004622,-0.162570,0.074721,0.862616,-3.991819,-1.348227,1.474511,-0.001263,-0.036816,0.135297,-0.010559,-0.293973,-0.108625,0.172070
1555578381,65846920,0.004622,-0.163217,0.076878,0.862796,-3.996241,-1.349907,1.477195,-0.001263,-0.037583,0.133533,0.007529,-0.288532,-0.106588,0.162578
1555578381,75860023,0.004622,-0.163540,0.077968,0.862736,-3.998422,-1.350808,1.478465,-0.001263,-0.044396,0.128292,-0.000729,-0.283810,-0.120633,0.173436
1555578381,85864067,0.004622,-0.163863,0.079010,0.862676,-4.000723,-1.351637,1.479808,-0.001263,-0.040587,0.127729,-0.000729,-0.287957,-0.103903,0.174442
1555578381,95877885,0.004566,-0.164247,0.079969,0.862784,-4.002868,-1.352513,1.481161,-0.001008,-0.044703,0.126553,0.006737,-0.277986,-0.116798,0.165550
1555578381,105880022,0.004566,-0.165061,0.081981,0.862820,-4.007278,-1.354205,1.483642,-0.001008,-0.050596,0.125697,0.002506,-0.267776,-0.110806,0.164687
1555578381,115900039,0.004566,-0.165433,0.082988,0.862867,-4.009315,-1.355034,1.484865,-0.001008,-0.057690,0.122846,0.012694,-0.274750,-0.101411,0.161475
1555578381,125845909,0.004566,-0.165911,0.083886,0.862976,-4.011724,-1.355910,1.486242,-0.001008,-0.053383,0.116583,0.009089,-0.279328,-0.114425,0.166245
1555578381,135850906,0.004566,-0.166379,0.084916,0.862976,-4.013713,-1.356738,1.487549,-0.001008,-0.054776,0.120686,0.003272,-0.266961,-0.100020,0.156107
1555578381,145843982,0.004524,-0.167193,0.086713,0.863203,-4.017968,-1.358371,1.489850,-0.000714,-0.052948,0.110984,0.015851,-0.260561,-0.093573,0.157233
1555578381,155848979,0.004524,-0.167589,0.087516,0.863275,-4.020017,-1.359187,1.491096,-0.000714,-0.051184,0.109156,0.009805,-0.270029,-0.104239,0.150138
1555578381,165852069,0.004524,-0.167924,0.088355,0.863395,-4.022209,-1.359991,1.492354,-0.000714,-0.049675,0.106944,0.013090,-0.268279,-0.100212,0.156730
1555578381,175883054,0.004524,-0.168343,0.089253,0.863491,-4.024247,-1.360748,1.493600,-0.000714,-0.054354,0.105678,0.013410,-0.269405,-0.101938,0.159055
1555578381,185888051,0.004524,-0.169170,0.090703,0.863742,-4.028309,-1.362308,1.495925,-0.000714,-0.046390,0.093100,0.018075,-0.255935,-0.091967,0.149827
1555578381,195866107,0.004524,-0.169433,0.091482,0.863874,-4.030287,-1.363125,1.497123,-0.000714,-0.038298,0.098724,0.026090,-0.263845,-0.100739,0.154477
1555578381,205873012,0.004494,-0.169709,0.092213,0.864173,-4.032540,-1.363881,1.498286,-0.000495,-0.036049,0.097229,0.026321,-0.268998,-0.094292,0.148437
1555578381,215868949,0.004494,-0.169984,0.092979,0.864365,-4.034589,-1.364589,1.499520,-0.000495,-0.039845,0.096053,0.024595,-0.260273,-0.102968,0.147646
1555578381,225876092,0.004494,-0.170559,0.094357,0.864725,-4.038615,-1.366042,1.501689,-0.000495,-0.038350,0.096449,0.034272,-0.249008,-0.091583,0.135206
1555578381,235863924,0.004494,-0.170858,0.095243,0.865120,-4.040713,-1.366822,1.502875,-0.000495,-0.035307,0.104234,0.049164,-0.263365,-0.099924,0.146591
1555578381,246202945,0.004494,-0.171098,0.096130,0.865563,-4.042941,-1.367566,1.504038,-0.000495,-0.034297,0.099594,0.046467,-0.262311,-0.095538,0.145560
1555578381,255888938,0.004473,-0.171374,0.096777,0.865887,-4.045027,-1.368347,1.505128,-0.000359,-0.030513,0.090505,0.038810,-0.262598,-0.099829,0.134751
1555578381,265873908,0.004473,-0.171900,0.098023,0.866642,-4.048957,-1.369739,1.507214,-0.000359,-0.033620,0.090109,0.051439,-0.252747,-0.093741,0.132617
1555578381,275875091,0.004473,-0.172188,0.098850,0.867037,-4.051078,-1.370376,1.508220,-0.000359,-0.034425,0.087808,0.061845,-0.258739,-0.087245,0.122814
1555578381,285868883,0.004473,-0.172439,0.099509,0.867576,-4.053235,-1.371084,1.509263,-0.000359,-0.033594,0.088102,0.058624,-0.264756,-0.095922,0.130197
1555578381,295869112,0.004473,-0.172727,0.100108,0.868007,-4.055321,-1.371828,1.510269,-0.000359,-0.032060,0.085507,0.053792,-0.255671,-0.084009,0.128063
1555578381,305864095,0.004473,-0.173313,0.101438,0.869061,-4.059335,-1.373113,1.512151,-0.000359,-0.034297,0.085903,0.069847,-0.253730,-0.085112,0.118955
1555578381,315869092,0.004458,-0.173601,0.102145,0.869636,-4.061372,-1.373785,1.513157,-0.000226,-0.037928,0.079217,0.082720,-0.263773,-0.084800,0.129645
1555578381,325870037,0.004458,-0.173865,0.102696,0.870307,-4.063553,-1.374421,1.514068,-0.000226,-0.034361,0.072813,0.074475,-0.261616,-0.082236,0.128015
1555578381,335866928,0.004458,-0.174176,0.103235,0.870822,-4.065542,-1.375165,1.515110,-0.000226,-0.036355,0.072199,0.068914,-0.259698,-0.085711,0.116007
1555578381,345870018,0.004458,-0.174787,0.104241,0.872080,-4.069629,-1.376354,1.516992,-0.000226,-0.035588,0.066856,0.081966,-0.251669,-0.079024,0.117038
1555578381,355861902,0.004458,-0.175051,0.104708,0.872787,-4.071642,-1.376978,1.517987,-0.000226,-0.043041,0.058739,0.094672,-0.259506,-0.076220,0.125379
1555578381,365864038,0.004450,-0.175398,0.105056,0.873542,-4.073799,-1.377531,1.518885,-0.000157,-0.037787,0.059173,0.089802,-0.262311,-0.072001,0.117685
1555578381,375864982,0.004450,-0.175709,0.105607,0.874237,-4.075860,-1.378167,1.519904,-0.000157,-0.039359,0.062663,0.087578,-0.258548,-0.082907,0.122671
1555578381,385869026,0.004450,-0.176487,0.106445,0.875782,-4.079958,-1.379223,1.521630,-0.000157,-0.042248,0.055453,0.098482,-0.255384,-0.063421,0.107139
1555578381,395869016,0.004450,-0.176751,0.106877,0.876584,-4.081960,-1.379752,1.522480,-0.000157,-0.046032,0.051925,0.119356,-0.270005,-0.070779,0.112915
1555578381,405869960,0.004450,-0.177194,0.107188,0.877579,-4.084129,-1.380292,1.523439,-0.000157,-0.043667,0.051082,0.112748,-0.266457,-0.069628,0.114186
1555578381,415863990,0.004450,-0.177481,0.107620,0.878429,-4.086262,-1.380904,1.524410,-0.000157,-0.043233,0.052194,0.113463,-0.264060,-0.067759,0.115935
1555578381,425874948,0.004445,-0.178224,0.108279,0.880418,-4.090372,-1.381889,1.526027,-0.000050,-0.044255,0.045968,0.126157,-0.257901,-0.069029,0.103711
1555578381,435913085,0.004445,-0.178560,0.108674,0.881413,-4.092385,-1.382465,1.526950,-0.000050,-0.051695,0.041545,0.143862,-0.270436,-0.058795,0.105198
1555578381,445859909,0.004445,-0.178979,0.108985,0.882526,-4.094698,-1.382909,1.527765,-0.000050,-0.045828,0.043782,0.141292,-0.272713,-0.059634,0.111286
1555578381,455867052,0.004445,-0.179374,0.109357,0.883665,-4.096819,-1.383449,1.528604,-0.000050,-0.047400,0.045061,0.135923,-0.266457,-0.069413,0.100476
1555578381,465873003,0.004445,-0.180153,0.109908,0.885857,-4.101002,-1.384409,1.530162,-0.000050,-0.047771,0.040983,0.138723,-0.256606,-0.059418,0.101914
1555578381,475888967,0.004445,-0.180512,0.110279,0.887055,-4.103074,-1.384841,1.530941,-0.000050,-0.046633,0.036317,0.154970,-0.271059,-0.061383,0.093669
1555578381,485871076,0.004441,-0.180871,0.110543,0.888301,-4.105363,-1.385442,1.531767,-0.000069,-0.045815,0.038528,0.148592,-0.266745,-0.064667,0.101147
1555578381,495860099,0.004441,-0.181255,0.110842,0.889415,-4.107580,-1.385862,1.532523,-0.000069,-0.045470,0.035090,0.145805,-0.266361,-0.050046,0.092830
1555578381,505865097,0.004441,-0.181901,0.111381,0.891847,-4.111606,-1.386654,1.534068,-0.000069,-0.042044,0.034515,0.149780,-0.253922,-0.056470,0.088611
1555578381,515856027,0.004441,-0.182225,0.111633,0.893044,-4.113655,-1.387062,1.534751,-0.000069,-0.039564,0.028673,0.163804,-0.261328,-0.057932,0.094268
1555578381,525851011,0.004441,-0.182524,0.111861,0.894350,-4.115753,-1.387615,1.535518,-0.000069,-0.040599,0.027880,0.158307,-0.259602,-0.058387,0.087461
1555578381,535849094,0.004438,-0.182944,0.112088,0.895644,-4.117862,-1.388059,1.536285,-0.000069,-0.040957,0.027305,0.156862,-0.258931,-0.054648,0.084609
1555578381,545849084,0.004438,-0.183602,0.112496,0.898004,-4.121792,-1.388947,1.537520,-0.000069,-0.041251,0.020300,0.147198,-0.244526,-0.054313,0.084249
1555578381,555850028,0.004438,-0.183925,0.112484,0.899190,-4.123746,-1.389332,1.538167,-0.000069,-0.041699,0.014611,0.156325,-0.257613,-0.047362,0.087149
1555578381,565865993,0.004438,-0.184249,0.112615,0.900448,-4.125866,-1.389704,1.538898,-0.000069,-0.040842,0.009779,0.152900,-0.249775,-0.046619,0.086838
1555578381,575871944,0.004438,-0.184621,0.112759,0.901574,-4.127856,-1.390076,1.539605,-0.000069,-0.041622,0.021041,0.152222,-0.254377,-0.051245,0.080318
1555578381,585870981,0.004438,-0.185255,0.112927,0.903970,-4.131750,-1.390892,1.540875,-0.000069,-0.040318,0.008744,0.151212,-0.238342,-0.044390,0.078856
1555578381,595860958,0.004438,-0.185579,0.112951,0.905192,-4.133655,-1.391240,1.541642,0.000013,-0.036892,0.013793,0.165785,-0.252915,-0.044557,0.083818
1555578381,605854988,0.004438,-0.185818,0.112975,0.906497,-4.135776,-1.391576,1.542289,0.000013,-0.039308,0.006801,0.161413,-0.246300,-0.045540,0.084105
1555578381,615849018,0.004438,-0.186213,0.113059,0.907732,-4.137657,-1.391996,1.542864,0.000013,-0.040408,0.014765,0.159662,-0.246827,-0.049135,0.076963
1555578381,625864028,0.004438,-0.186752,0.113263,0.910199,-4.141433,-1.392693,1.544087,0.000013,-0.032635,0.008028,0.155316,-0.232398,-0.037726,0.076483
1555578381,635864019,0.004438,-0.186944,0.113442,0.911457,-4.143278,-1.392981,1.544686,0.000013,-0.037634,0.017423,0.165312,-0.239469,-0.038517,0.074039
1555578381,645838022,0.004438,-0.187208,0.113526,0.912763,-4.145327,-1.393293,1.545285,0.000013,-0.032431,0.012042,0.163995,-0.245725,-0.037559,0.078904
1555578381,655905008,0.004437,-0.187542,0.113622,0.914044,-4.147160,-1.393629,1.545920,-0.000004,-0.037071,0.017091,0.160723,-0.238654,-0.044150,0.073319
1555578381,665884971,0.004437,-0.188154,0.113790,0.916512,-4.150779,-1.394302,1.547011,-0.000004,-0.037007,0.009907,0.156862,-0.224273,-0.042496,0.067375
1555578381,675868034,0.004437,-0.188501,0.113921,0.917794,-4.152529,-1.394626,1.547574,-0.000004,-0.045508,0.017206,0.163535,-0.228611,-0.041178,0.070539
1555578381,685861110,0.004437,-0.188860,0.114017,0.919196,-4.154470,-1.394926,1.548065,-0.000004,-0.038158,0.010955,0.165977,-0.234244,-0.034922,0.073511
1555578381,695882081,0.004437,-0.189160,0.114149,0.920465,-4.156291,-1.395274,1.548688,-0.000004,-0.036381,0.013793,0.158626,-0.229162,-0.034730,0.075429
1555578381,705862045,0.004437,-0.189854,0.114341,0.922849,-4.159646,-1.395754,1.549695,-0.000004,-0.042236,0.018254,0.144616,-0.209029,-0.040435,0.061311
1555578381,715862989,0.004436,-0.190226,0.114425,0.923975,-4.161432,-1.396042,1.550270,0.000021,-0.050851,0.012451,0.142711,-0.221612,-0.034443,0.066608
1555578381,725863933,0.004436,-0.190645,0.114509,0.925197,-4.163170,-1.396294,1.550737,0.000021,-0.045585,0.004385,0.147837,-0.213823,-0.032669,0.068094
1555578381,735860109,0.004436,-0.190944,0.114580,0.926347,-4.164967,-1.396594,1.551289,0.000021,-0.042913,0.016861,0.145332,-0.211785,-0.033052,0.067375
1555578381,745881080,0.004436,-0.191520,0.114676,0.928516,-4.168143,-1.397038,1.552307,0.000021,-0.042440,0.000000,0.136051,-0.201335,-0.038086,0.066536
1555578381,755875110,0.004436,-0.191926,0.114784,0.929594,-4.169796,-1.397230,1.552798,0.000021,-0.045598,0.009421,0.139899,-0.206344,-0.034443,0.058507
1555578381,765868902,0.004436,-0.192369,0.114772,0.930791,-4.171426,-1.397543,1.553230,0.000021,-0.050685,0.003183,0.140040,-0.195822,-0.030200,0.057548
1555578381,775856018,0.004436,-0.192813,0.114808,0.931810,-4.172983,-1.397855,1.553649,-0.000000,-0.049075,0.003183,0.135923,-0.194312,-0.032885,0.061048
1555578381,785862922,0.004436,-0.193399,0.114712,0.933763,-4.175848,-1.398287,1.554632,0.000000,-0.038797,0.001560,0.122923,-0.179404,-0.031926,0.055823
1555578381,795860052,0.004436,-0.193579,0.114784,0.934876,-4.177369,-1.398419,1.555039,0.000000,-0.030194,0.001432,0.133367,-0.184653,-0.018671,0.055727
1555578381,805850982,0.004436,-0.193879,0.114808,0.935919,-4.178891,-1.398719,1.555495,0.000000,-0.037199,0.003630,0.130976,-0.185923,-0.032693,0.059178
1555578381,815845012,0.004436,-0.194155,0.114856,0.936925,-4.180353,-1.398911,1.556010,0.000000,-0.037225,0.006277,0.123511,-0.181058,-0.032885,0.055415
1555578381,825865030,0.004436,-0.194933,0.115035,0.938554,-4.182954,-1.399512,1.556885,0.000000,-0.039027,0.018472,0.080611,-0.155963,-0.035210,0.050885
1555578381,835863113,0.004398,-0.195280,0.115095,0.939321,-4.184212,-1.399775,1.557280,-0.001240,-0.044000,0.006852,0.119075,-0.168474,-0.019822,0.049950
1555578381,845850944,0.004398,-0.195532,0.115143,0.940399,-4.185710,-1.399895,1.557664,-0.001240,-0.039411,0.002787,0.141817,-0.184006,-0.027180,0.053354
1555578381,855864048,0.004398,-0.195819,0.115215,0.941513,-4.187208,-1.400039,1.558071,-0.001240,-0.038618,0.005931,0.133277,-0.174850,-0.017161,0.051772
1555578381,865843057,0.004398,-0.196478,0.115263,0.943418,-4.189760,-1.400364,1.558754,-0.001240,-0.042197,0.003758,0.123217,-0.159007,-0.016179,0.046067
1555578381,875850915,0.004398,-0.196825,0.115395,0.944436,-4.190946,-1.400556,1.559174,-0.001240,-0.044358,0.010201,0.125275,-0.158863,-0.026461,0.048105
1555578381,885857105,0.004398,-0.197125,0.115479,0.945394,-4.192324,-1.400676,1.559533,-0.001240,-0.040727,0.006660,0.123818,-0.166964,-0.018216,0.044989
1555578381,895874023,0.004396,-0.197496,0.115503,0.946412,-4.193558,-1.400904,1.559905,-0.000049,-0.043015,0.004218,0.123217,-0.160876,-0.029961,0.042352
1555578381,905853986,0.004396,-0.198310,0.115731,0.948233,-4.195847,-1.401288,1.560540,-0.000049,-0.045866,0.007529,0.108299,-0.148437,-0.031638,0.042808
1555578381,915860891,0.004396,-0.198682,0.115695,0.949071,-4.197129,-1.401396,1.560840,-0.000049,-0.044600,0.002889,0.100463,-0.148868,-0.011888,0.041537
1555578381,925848960,0.004396,-0.198993,0.115790,0.949886,-4.198243,-1.401661,1.561223,-0.000049,-0.041277,0.007363,0.103084,-0.142756,-0.029817,0.040962
1555578381,935877084,0.004396,-0.199281,0.115802,0.950713,-4.199358,-1.401673,1.561546,-0.000049,-0.039577,0.008322,0.099926,-0.145800,-0.008389,0.039212
1555578381,945878982,0.004396,-0.199807,0.115754,0.952091,-4.201479,-1.401936,1.562026,-0.000049,-0.037723,0.000000,0.086478,-0.129597,-0.007191,0.044174
1555578381,955849885,0.004396,-0.200155,0.115731,0.952749,-4.202473,-1.402117,1.562385,-0.000001,-0.034885,0.000000,0.090275,-0.124109,-0.028594,0.036168
1555578381,965848922,0.004396,-0.200455,0.115767,0.953516,-4.203540,-1.402213,1.562757,-0.000001,-0.038209,0.000000,0.091719,-0.131347,-0.008077,0.042232
1555578381,975846052,0.004396,-0.200826,0.115695,0.954199,-4.204522,-1.402369,1.562949,-0.000001,-0.038477,0.000000,0.088408,-0.125643,-0.037079,0.035833
1555578381,985886096,0.004396,-0.201305,0.115790,0.955277,-4.206356,-1.402741,1.563536,-0.000001,-0.033428,0.016478,0.041635,-0.101746,-0.043287,0.037103
1555578381,995856046,0.004396,-0.201532,0.115850,0.955684,-4.207147,-1.402801,1.563811,-0.000001,-0.032035,0.005024,0.079767,-0.114593,-0.011553,0.027348
1555578382,5851984,0.004396,-0.201783,0.115790,0.956427,-4.208154,-1.402969,1.564051,-0.000001,-0.031038,-0.000767,0.101000,-0.129981,-0.025598,0.029601
1555578382,15881061,0.004364,-0.202047,0.115790,0.957230,-4.209088,-1.403137,1.564327,-0.000620,-0.031268,-0.000767,0.087552,-0.116007,-0.008413,0.033100
1555578382,25865077,0.004364,-0.202598,0.115838,0.958619,-4.210909,-1.403293,1.564854,-0.000620,-0.033735,-0.000767,0.086874,-0.113994,-0.016730,0.033484
1555578382,35855054,0.004364,-0.202838,0.115814,0.959289,-4.211808,-1.403305,1.565058,-0.000620,-0.039807,0.000307,0.087284,-0.110758,-0.007622,0.027971
1555578382,45872926,0.004364,-0.203125,0.115922,0.960008,-4.212622,-1.403389,1.565274,-0.000620,-0.032597,0.004155,0.084689,-0.111813,-0.004482,0.029553
1555578382,55870056,0.004364,-0.203425,0.115970,0.960751,-4.213593,-1.403558,1.565525,-0.000620,-0.034821,0.003272,0.086146,-0.112268,-0.009180,0.031039
1555578382,65866947,0.004362,-0.203868,0.116090,0.961889,-4.215079,-1.403666,1.565921,-0.000025,-0.033709,0.009293,0.070423,-0.099397,-0.017066,0.042328
1555578382,75870990,0.004362,-0.204203,0.116174,0.962440,-4.215918,-1.403737,1.566100,-0.000025,-0.031715,0.009293,0.065578,-0.089594,-0.018504,0.018264
1555578382,85846900,0.004362,-0.204454,0.116162,0.963015,-4.216685,-1.403774,1.566364,-0.000025,-0.035064,0.003132,0.069515,-0.099469,0.000000,0.036792
1555578382,95901012,0.004362,-0.204766,0.116174,0.963554,-4.217356,-1.403989,1.566543,-0.000025,-0.033837,0.001879,0.068710,-0.094747,-0.028906,0.021979
1555578382,105844020,0.004362,-0.205282,0.116186,0.964381,-4.218602,-1.404169,1.566927,-0.000025,-0.031485,0.001777,0.057102,-0.077466,-0.035210,0.024136
1555578382,115875005,0.004362,-0.205497,0.116246,0.964896,-4.219273,-1.404301,1.567023,-0.000025,-0.023508,0.001636,0.054993,-0.076531,-0.017761,0.020661
1555578382,125857114,0.004362,-0.205712,0.116210,0.965374,-4.219980,-1.404326,1.567071,0.000004,-0.028340,0.001636,0.057997,-0.082428,-0.005992,0.007023
1555578382,135863065,0.004362,-0.205832,0.116198,0.965770,-4.220567,-1.404589,1.567334,0.000004,-0.027267,0.001636,0.054584,-0.076172,-0.030943,0.018504
1555578382,145860910,0.004362,-0.206299,0.116198,0.966561,-4.221646,-1.404638,1.567646,0.000004,-0.027650,0.001176,0.051082,-0.069125,-0.001654,0.023992
1555578382,155869007,0.004362,-0.206431,0.116174,0.966992,-4.222197,-1.404818,1.567706,0.000004,-0.023150,0.000933,0.048563,-0.065482,-0.017641,0.008293
1555578382,165862083,0.004362,-0.206694,0.116150,0.967340,-4.222689,-1.404770,1.567934,0.000004,-0.024314,0.000780,0.049087,-0.061934,0.002565,0.027228
1555578382,175879955,0.004362,-0.206862,0.116150,0.967746,-4.223144,-1.404950,1.568030,0.000004,-0.023150,0.000665,0.047553,-0.068861,-0.028187,0.020421
1555578382,185878038,0.004354,-0.207102,0.116198,0.968118,-4.224030,-1.405010,1.568401,-0.000441,-0.021310,0.015097,0.005369,-0.029098,-0.001222,0.011721
1555578382,195864915,0.004354,-0.207245,0.116354,0.968058,-4.224294,-1.405226,1.568677,-0.000441,-0.017564,0.016043,-0.018178,-0.025526,-0.026269,0.022530
1555578382,205862045,0.004354,-0.207425,0.116438,0.967902,-4.224449,-1.405190,1.568784,-0.000441,-0.015826,0.021348,-0.030232,-0.018887,-0.006160,0.009563
1555578382,215868949,0.004354,-0.207593,0.116665,0.967567,-4.224449,-1.405418,1.569024,-0.000441,-0.017986,0.027995,-0.045777,-0.006160,-0.034898,0.023777
1555578382,225867033,0.004354,-0.207916,0.116965,0.967507,-4.224833,-1.405550,1.569276,-0.000441,-0.020274,0.009677,0.028583,-0.027324,-0.013063,0.021596
1555578382,235893964,0.004354,-0.208072,0.117108,0.967710,-4.225217,-1.405706,1.569408,-0.000441,-0.018152,0.009958,0.032265,-0.044845,-0.016179,0.008413
1555578382,245857000,0.004329,-0.208180,0.117120,0.967986,-4.225468,-1.405586,1.569551,-0.000194,-0.017487,0.004589,0.046697,-0.049255,0.002277,0.030152
1555578382,255881071,0.004329,-0.208335,0.117180,0.968453,-4.225947,-1.405718,1.569611,-0.000194,-0.015762,0.003758,0.058010,-0.057309,-0.015268,0.007191
1555578382,265891075,0.004329,-0.208515,0.117288,0.969100,-4.226607,-1.405634,1.569755,-0.000194,-0.013844,0.007721,0.036777,-0.046379,0.005920,0.009947
1555578382,275873899,0.004329,-0.208647,0.117324,0.969424,-4.227002,-1.405766,1.569731,-0.000194,-0.014483,0.007900,0.024326,-0.030632,-0.011769,0.000000
1555578382,285885095,0.004329,-0.208707,0.117324,0.969615,-4.227289,-1.405694,1.569899,-0.000194,-0.007427,0.003426,0.029810,-0.038637,-0.006855,0.025311
1555578382,295870065,0.004329,-0.208826,0.117288,0.969807,-4.227529,-1.405766,1.569911,-0.000065,-0.015889,0.001981,0.024838,-0.037726,-0.004626,0.008988
1555578382,305864095,0.004327,-0.208958,0.117396,0.969831,-4.227841,-1.405862,1.570079,-0.000155,-0.008220,0.014650,-0.026640,-0.008629,-0.017641,0.007981
1555578382,315932035,0.004327,-0.209054,0.117539,0.969580,-4.227745,-1.405970,1.569971,-0.000155,-0.010290,0.013755,-0.035064,0.001174,-0.016179,-0.005968
1555578382,325865983,0.004327,-0.209054,0.117659,0.969232,-4.227577,-1.406006,1.570223,-0.000155,-0.004116,0.019520,-0.048653,0.026653,-0.005393,0.030608
1555578382,335853099,0.004327,-0.209114,0.117803,0.968801,-4.227397,-1.406198,1.570151,-0.000155,-0.003733,0.019993,-0.067112,0.041609,-0.033148,-0.016107
1555578382,345856904,0.004327,-0.209174,0.118127,0.967483,-4.226691,-1.406331,1.570163,-0.000155,-0.002352,0.024518,-0.097510,0.052467,-0.021907,-0.025910
1555578382,355868101,0.004305,-0.209114,0.118235,0.966729,-4.226235,-1.406498,1.570438,-0.000367,-0.001560,0.022089,-0.093432,0.052203,-0.014046,0.016275
1555578382,365839004,0.004305,-0.209126,0.118438,0.965986,-4.225900,-1.406414,1.570331,-0.000367,-0.001176,0.025694,-0.089099,0.046930,0.005872,0.050549
1555578382,375869035,0.004305,-0.209090,0.118630,0.965243,-4.225576,-1.406583,1.570390,-0.000367,-0.000933,0.027075,-0.090876,0.045828,-0.025910,-0.041010
1555578382,385931968,0.004305,-0.209138,0.119061,0.964093,-4.225013,-1.406547,1.570438,-0.000367,-0.000716,0.026295,-0.070256,0.038134,-0.005393,-0.025407
1555578382,395859003,0.004305,-0.209138,0.119229,0.963578,-4.224821,-1.406571,1.570654,-0.000367,-0.000716,0.023112,-0.049100,0.019175,0.002900,0.021596
1555578382,405873060,0.004305,-0.209174,0.119468,0.963231,-4.224545,-1.406690,1.570486,-0.000367,-0.009434,0.027855,-0.056016,0.038110,-0.015675,-0.010666
1555578382,415862083,0.004288,-0.209246,0.119732,0.962727,-4.224521,-1.406643,1.570666,-0.000274,-0.004180,0.028187,-0.055070,0.018863,0.002660,0.010258
1555578382,425843000,0.004288,-0.209365,0.120175,0.962141,-4.224078,-1.406739,1.570690,-0.000274,-0.010572,0.025937,-0.040050,0.030248,-0.006807,-0.006663
1555578382,435853004,0.004288,-0.209413,0.120367,0.961865,-4.223731,-1.406739,1.570726,-0.000274,-0.004704,0.017717,-0.023419,0.016179,-0.002708,0.048896
1555578382,445847988,0.004288,-0.209437,0.120523,0.961685,-4.223635,-1.406823,1.570762,-0.000274,-0.002684,0.016145,-0.030782,0.035569,-0.002708,-0.027132
1555578382,455881118,0.004288,-0.209497,0.120679,0.961422,-4.223515,-1.406847,1.570894,-0.000274,-0.011083,0.019047,-0.028558,0.011769,-0.002708,0.043191
1555578382,465941905,0.004279,-0.209509,0.120786,0.961099,-4.223132,-1.406895,1.570978,-0.000142,-0.003426,0.000000,-0.017475,0.011769,-0.006639,0.021596
1555578382,475898981,0.004279,-0.209509,0.120786,0.961099,-4.223132,-1.406895,1.570978,-0.000142,-0.003426,0.000000,-0.017475,0.011769,-0.006639,0.021596
1555578382,485878944,0.004279,-0.209509,0.120762,0.960871,-4.222856,-1.406991,1.570930,-0.000142,-0.001393,0.003643,-0.021373,0.023585,-0.003595,-0.003356
1555578382,495870113,0.004279,-0.209449,0.120726,0.960715,-4.223024,-1.406991,1.570846,-0.000142,-0.001074,0.002595,-0.017526,0.006807,-0.002708,0.050214
1555578382,505872011,0.004279,-0.209461,0.120655,0.960452,-4.222724,-1.407015,1.571014,-0.000142,-0.000729,-0.001662,-0.011185,0.009132,-0.004722,0.037247
1555578382,515867948,0.004279,-0.209449,0.120655,0.960380,-4.222856,-1.407111,1.570870,-0.000142,-0.000626,-0.001662,-0.009421,-0.010546,-0.004722,-0.032381
1555578382,525852918,0.004276,-0.209485,0.120595,0.960380,-4.222652,-1.407063,1.570978,-0.000060,-0.000562,-0.001905,-0.003132,0.018504,-0.003140,-0.003979
1555578382,535921096,0.004276,-0.209509,0.120559,0.960368,-4.222904,-1.407123,1.570858,-0.000060,-0.000499,-0.005433,-0.011070,-0.028187,-0.002253,0.029721
1555578382,545860052,0.004276,-0.209497,0.120439,0.960332,-4.222880,-1.407063,1.570954,-0.000060,-0.000409,-0.000754,0.007529,0.003715,-0.001438,0.037343
1555578382,555855035,0.004276,-0.209485,0.120475,0.960284,-4.222712,-1.407123,1.570810,-0.000060,-0.000371,-0.004078,0.002109,-0.003523,-0.001438,-0.030512
1555578382,565845966,0.004276,-0.209461,0.120391,0.960284,-4.222700,-1.407135,1.571002,-0.000060,-0.000345,-0.004078,0.008373,0.029218,-0.001438,0.025239
1555578382,575809001,0.004276,-0.209437,0.120415,0.960296,-4.222916,-1.407147,1.570798,-0.000060,-0.000320,-0.002582,-0.006865,-0.045396,-0.001438,-0.010522
1555578382,585865974,0.004276,-0.209521,0.120451,0.960404,-4.223096,-1.407171,1.570846,0.000000,-0.006277,0.000000,0.004755,-0.025910,-0.002637,0.045396
1555578382,595873117,0.004276,-0.209617,0.120487,0.960524,-4.222533,-1.407135,1.570894,0.000000,-0.003260,0.000000,0.012157,0.030775,-0.002637,-0.049447
1555578382,605931997,0.004276,-0.209653,0.120499,0.960536,-4.223000,-1.407195,1.570918,0.000000,-0.008935,0.000000,0.007529,-0.032381,-0.002037,0.032381
1555578382,615863084,0.004276,-0.209701,0.120511,0.960643,-4.222736,-1.407147,1.570810,0.000000,-0.004704,0.000000,0.009255,0.021596,-0.001630,-0.032381
1555578382,625875949,0.004276,-0.209725,0.120595,0.960667,-4.222784,-1.407219,1.570786,0.000000,-0.002020,0.000844,-0.005062,-0.003811,-0.001150,-0.020900
1555578382,635859012,0.004276,-0.209737,0.120583,0.960691,-4.222724,-1.407135,1.570846,0.000000,-0.002020,0.000844,0.008373,0.044246,-0.001007,-0.033340
1555578382,645884990,0.004276,-0.209725,0.120619,0.960739,-4.222844,-1.407147,1.570822,0.000000,-0.001790,0.000844,0.003004,-0.032621,-0.000887,0.045780
1555578382,655865907,0.004276,-0.209737,0.120583,0.960715,-4.222640,-1.407207,1.570750,0.000000,-0.001291,0.000844,0.001828,0.040483,-0.000815,-0.034035
1555578382,665863990,0.004276,-0.209749,0.120607,0.960727,-4.222640,-1.407171,1.570750,0.000000,-0.000831,0.000844,0.001023,0.031111,-0.000671,-0.016179
1555578382,675829887,0.004276,-0.209772,0.120547,0.960703,-4.222784,-1.407159,1.570906,0.000000,-0.000703,0.000741,0.000626,-0.037630,0.000000,0.021596
1555578382,685832023,0.004276,-0.209701,0.120535,0.960691,-4.222772,-1.407159,1.570786,0.000000,-0.000614,0.000639,0.000626,0.037583,0.000000,0.005776
1555578382,695817947,0.004276,-0.209749,0.120523,0.960655,-4.222761,-1.407135,1.570810,0.000000,-0.000537,0.000562,-0.002250,-0.028594,0.000000,-0.041585
1555578382,705858945,0.004276,-0.209737,0.120439,0.960667,-4.222880,-1.407183,1.570726,0.000000,-0.000435,-0.000128,0.003554,-0.009899,0.000000,-0.033628
1555578382,715864896,0.004276,-0.209761,0.120451,0.960655,-4.222593,-1.407171,1.570918,0.000000,-0.000396,-0.000128,-0.006072,-0.003931,0.000000,0.038373
1555578382,725929975,0.004276,-0.209749,0.120463,0.960619,-4.222868,-1.407183,1.570750,0.000000,-0.000371,-0.000128,0.001023,0.005225,0.000000,-0.025910
1555578382,735939025,0.004276,-0.209749,0.120439,0.960715,-4.222652,-1.407207,1.570918,0.000000,-0.000345,-0.001317,0.001023,-0.034443,0.000000,0.015316
1555578382,745862960,0.004276,-0.209749,0.120355,0.960619,-4.222724,-1.407195,1.570870,0.000000,-0.000294,-0.001317,0.009485,-0.038541,0.000000,-0.040051
1555578382,755858898,0.004276,-0.209761,0.120427,0.960691,-4.222736,-1.407195,1.570906,0.000000,-0.000281,-0.001227,0.005228,0.036288,0.000000,0.040339
1555578382,765837907,0.004276,-0.209761,0.120379,0.960619,-4.222820,-1.407183,1.570810,0.000000,-0.000256,-0.000972,-0.006852,-0.028834,0.000000,-0.032381
1555578382,775844097,0.004276,-0.209701,0.120451,0.960691,-4.222544,-1.407159,1.570954,0.000000,-0.000243,-0.000805,0.000946,0.025910,0.000000,0.016754
1555578382,785871982,0.004276,-0.209737,0.120475,0.960715,-4.222484,-1.407147,1.570966,0.000000,-0.000217,-0.000473,-0.008335,0.014836,0.000000,-0.043910
1555578382,795864105,0.004276,-0.209796,0.120475,0.960691,-4.222892,-1.407171,1.570870,0.000000,-0.000217,-0.000473,0.001163,-0.013974,0.000000,0.045828
1555578382,805883884,0.004276,-0.209772,0.120499,0.960787,-4.222700,-1.407207,1.570774,0.000000,-0.000205,-0.000473,0.006277,-0.003739,0.000000,-0.046571
1555578382,815860033,0.004276,-0.209784,0.120499,0.960703,-4.222856,-1.407183,1.570894,0.000000,-0.000192,-0.000473,-0.006698,0.039404,0.000000,0.025910
1555578382,825849056,0.004276,-0.209784,0.120547,0.960823,-4.222868,-1.407195,1.570918,0.000000,-0.000179,0.001035,0.003733,0.042856,0.000000,-0.004434
1555578382,835849046,0.004276,-0.209737,0.120595,0.960739,-4.222689,-1.407195,1.570810,0.000000,-0.000166,0.000000,-0.006660,-0.036863,0.000000,0.045181
1555578382,845849037,0.004276,-0.209737,0.120559,0.960787,-4.222665,-1.407171,1.570846,0.000000,-0.000166,0.000000,-0.003758,0.028019,0.000000,-0.043479
1555578382,855859994,0.004276,-0.209749,0.120535,0.960799,-4.222916,-1.407135,1.570930,0.000000,-0.000153,0.000000,0.008373,-0.029385,0.000000,0.035449
1555578382,865864038,0.004276,-0.209761,0.120511,0.960775,-4.222808,-1.407195,1.570942,0.000000,-0.000153,0.000000,0.002173,-0.010642,0.000000,-0.004194
1555578382,875858068,0.004276,-0.209761,0.120499,0.960823,-4.222724,-1.407183,1.570798,0.000000,-0.000141,0.000000,0.005024,0.021596,0.000000,0.003715
1555578382,885869026,0.004276,-0.209772,0.120475,0.960691,-4.222748,-1.407207,1.570882,0.000000,-0.000141,0.000000,-0.006673,-0.010282,0.000000,-0.046738
1555578382,895869016,0.004276,-0.209713,0.120499,0.960727,-4.222665,-1.407171,1.570954,0.000000,-0.000128,-0.000166,-0.003413,-0.043143,0.000000,0.034850
1555578382,905867099,0.004276,-0.209761,0.120463,0.960643,-4.222677,-1.407159,1.570942,0.000000,-0.000128,-0.000166,-0.006852,-0.035905,0.000000,0.032381
1555578382,915865898,0.004276,-0.209737,0.120391,0.960715,-4.222700,-1.407207,1.570810,0.000000,-0.000128,-0.000166,-0.003886,0.037511,0.000000,-0.018504
1555578382,925879001,0.004276,-0.209749,0.120367,0.960763,-4.222832,-1.407207,1.570942,0.000000,-0.000115,-0.000166,0.009664,-0.025910,0.000000,-0.004075
1555578382,935863018,0.004276,-0.209737,0.120391,0.960703,-4.222593,-1.407159,1.570822,0.000000,-0.000115,-0.000933,-0.015071,0.037343,0.000000,0.046619
1555578382,945892095,0.004276,-0.209749,0.120379,0.960787,-4.222628,-1.407171,1.570954,0.000000,-0.000115,-0.000933,0.005331,0.010378,0.000000,0.039380
1555578382,955866098,0.004276,-0.209772,0.120415,0.960655,-4.222724,-1.407207,1.570822,0.000000,-0.000102,-0.000933,-0.005024,0.004770,0.000000,-0.032381
1555578382,965867042,0.004276,-0.209749,0.120463,0.960775,-4.222568,-1.407219,1.571002,0.000000,-0.000102,-0.000933,0.000716,-0.038973,0.000000,0.016946
1555578382,975863933,0.004276,-0.209737,0.120451,0.960775,-4.222844,-1.407171,1.570858,0.000000,-0.000102,-0.000818,0.006686,0.022722,0.000000,0.033963
1555578382,985857963,0.004276,-0.209749,0.120499,0.960775,-4.222784,-1.407207,1.570930,0.000000,-0.000102,0.000179,0.007312,0.027923,0.000000,0.037055
1555578382,995862007,0.004276,-0.209737,0.120511,0.960859,-4.222796,-1.407219,1.570810,0.000000,-0.000089,0.000179,0.007235,-0.039788,0.000000,-0.040267
1555578383,5870103,0.004276,-0.209784,0.120559,0.960739,-4.222605,-1.407159,1.570930,0.000000,-0.000089,0.000179,-0.012566,0.037846,0.000000,0.042472
1555578383,15870094,0.004276,-0.209772,0.120547,0.960775,-4.222820,-1.407171,1.570774,0.000000,-0.000089,0.000179,0.012566,-0.025910,0.000000,-0.018935
1555578383,25866031,0.004276,-0.209713,0.120511,0.960715,-4.222724,-1.407219,1.570810,0.000000,-0.000089,0.000179,-0.005024,-0.014932,0.000000,0.025790
1555578383,35856962,0.004276,-0.209713,0.120547,0.960895,-4.222665,-1.407195,1.570870,0.000000,-0.000089,0.000179,0.001214,-0.030176,0.000000,-0.048416
1555578383,45886993,0.004276,-0.209689,0.120499,0.960835,-4.222856,-1.407183,1.570966,0.000000,-0.000089,0.000409,-0.001764,0.033292,0.000000,0.039212
1555578383,55865049,0.004276,-0.209761,0.120523,0.960787,-4.222689,-1.407171,1.570846,0.000000,-0.000077,0.000409,-0.009421,-0.023106,0.000000,-0.041034
1555578383,65845966,0.004276,-0.209713,0.120499,0.960811,-4.222736,-1.407147,1.570834,0.000000,-0.000077,0.000000,-0.001317,-0.032861,0.000000,0.004386
1555578383,75845956,0.004276,-0.209713,0.120475,0.960703,-4.222677,-1.407231,1.570918,0.000000,-0.000077,0.000000,-0.010354,0.040770,0.000000,-0.047601
1555578383,85854053,0.004276,-0.209725,0.120427,0.960787,-4.222628,-1.407123,1.570882,0.000000,-0.000077,0.000000,0.013128,-0.038733,0.000000,0.031830
1555578383,95859050,0.004276,-0.209701,0.120451,0.960775,-4.222748,-1.407147,1.570834,0.000000,-0.000077,0.000000,-0.010661,0.029697,0.000000,-0.040555
1555578383,105854988,0.004276,-0.209725,0.120415,0.960883,-4.222761,-1.407183,1.570822,0.000000,-0.000077,0.000000,0.004308,0.025910,0.000000,-0.039236
1555578383,115856885,0.004276,-0.209737,0.120403,0.960727,-4.222784,-1.407159,1.570966,0.000000,-0.000064,0.000000,0.003567,-0.016179,0.000000,0.021596
1555578383,125855922,0.004276,-0.209713,0.120439,0.960715,-4.222556,-1.407159,1.570762,0.000000,-0.000064,0.000000,-0.010763,0.016179,0.000000,0.030680
1555578383,135895013,0.004276,-0.209713,0.120403,0.960751,-4.222880,-1.407219,1.570870,0.000000,-0.000064,0.000000,0.009421,0.006471,0.000000,-0.035114
1555578383,145859956,0.004276,-0.209761,0.120463,0.960703,-4.222677,-1.407207,1.570810,0.000000,-0.000064,0.000000,-0.005433,0.048105,0.000000,-0.039356
1555578383,155873060,0.004276,-0.209737,0.120499,0.960871,-4.222784,-1.407195,1.570990,0.000000,-0.000064,-0.000281,0.007401,-0.041609,0.000000,0.032070
1555578383,165863990,0.004276,-0.209749,0.120487,0.960775,-4.222640,-1.407183,1.570798,0.000000,-0.000064,-0.000281,-0.013333,0.036720,0.000000,0.004961
1555578383,175858020,0.004276,-0.209761,0.120499,0.960751,-4.222724,-1.407123,1.570978,0.000000,-0.000064,-0.000281,0.010048,-0.035857,0.000000,-0.004578
1555578383,185863018,0.004276,-0.209761,0.120499,0.960787,-4.222748,-1.407159,1.570810,0.000000,-0.000064,-0.000281,0.002838,-0.021596,0.000000,-0.038110
1555578383,195946931,0.004276,-0.209749,0.120559,0.960775,-4.222497,-1.407207,1.571037,0.000000,-0.000064,-0.000281,-0.005011,0.021596,0.000000,0.032381
1555578383,205869913,0.004276,-0.209796,0.120487,0.960823,-4.222892,-1.407207,1.570846,0.000000,-0.000064,-0.000281,0.010763,0.003715,0.000000,-0.015819
1555578383,215867042,0.004276,-0.209737,0.120535,0.960811,-4.222544,-1.407183,1.570990,0.000000,-0.000064,-0.000281,-0.011019,-0.004218,0.000000,-0.003883
1555578383,225867033,0.004276,-0.209713,0.120499,0.960823,-4.222689,-1.407123,1.570870,0.000000,-0.000051,0.000000,0.007299,-0.045396,0.000000,-0.048153
1555578383,235909938,0.004276,-0.209749,0.120499,0.960811,-4.222689,-1.407195,1.570954,0.000000,-0.000051,0.000000,-0.014483,0.035809,0.000000,0.036432
1555578383,245863914,0.004276,-0.209761,0.120475,0.960763,-4.222677,-1.407195,1.570822,0.000000,-0.000051,0.000000,-0.004385,-0.033412,0.000000,-0.032381
1555578383,255867004,0.004276,-0.209749,0.120475,0.960823,-4.222808,-1.407183,1.570978,0.000000,-0.000051,0.000000,0.005382,0.040483,0.000000,-0.004123
1555578383,265861988,0.004276,-0.209737,0.120451,0.960691,-4.222616,-1.407207,1.570834,0.000000,-0.000051,0.000000,-0.005024,0.027036,0.000000,-0.055535
1555578383,275852918,0.004276,-0.209713,0.120391,0.960727,-4.222952,-1.407231,1.570894,0.000000,-0.000051,0.000000,0.010469,-0.025598,0.000000,0.043886
1555578383,285851955,0.004276,-0.209749,0.120439,0.960691,-4.222616,-1.407171,1.570810,0.000000,-0.000051,0.000000,-0.014343,0.010714,0.000000,-0.025910
1555578383,295850992,0.004276,-0.209749,0.120427,0.960679,-4.222772,-1.407195,1.570966,0.000000,-0.000051,0.000000,0.008130,0.005153,0.000000,0.015556
1555578383,305855989,0.004276,-0.209761,0.120463,0.960631,-4.222772,-1.407183,1.570870,0.000000,-0.000051,0.000000,-0.010917,0.047697,0.000000,-0.033772
1555578383,315853118,0.004276,-0.209749,0.120463,0.960751,-4.222628,-1.407195,1.570942,0.000000,-0.000051,-0.000332,0.016861,-0.040243,0.000000,0.039260
1555578383,325851917,0.004276,-0.209772,0.120451,0.960811,-4.222784,-1.407207,1.570810,0.000000,-0.000051,0.000000,0.004359,0.026126,0.000000,-0.032381
1555578383,335846900,0.004276,-0.209772,0.120523,0.960703,-4.222736,-1.407195,1.570894,0.000000,-0.000051,0.000000,-0.007951,-0.031638,0.000000,0.032381
1555578383,345838069,0.004276,-0.209749,0.120439,0.960823,-4.222952,-1.407183,1.570870,0.000000,-0.000051,0.000000,0.007529,-0.032381,0.000000,-0.004818
1555578383,355840921,0.004276,-0.209737,0.120523,0.960751,-4.222593,-1.407159,1.570822,0.000000,-0.000051,0.000000,-0.008373,0.018504,0.000000,0.041154
1555578383,365866899,0.004276,-0.209749,0.120559,0.960763,-4.222856,-1.407207,1.570738,0.000000,-0.000038,0.000000,0.008987,-0.011097,0.000000,-0.037247
1555578383,375854969,0.004276,-0.209737,0.120523,0.960811,-4.222761,-1.407219,1.570954,0.000000,-0.000038,0.000000,0.003963,-0.004242,0.000000,0.039500
1555578383,385855913,0.004276,-0.209737,0.120487,0.960811,-4.222724,-1.407195,1.570918,0.000000,-0.000038,0.000422,0.012310,-0.033867,0.000000,0.016706
1555578383,395850896,0.004276,-0.209761,0.120547,0.960811,-4.222689,-1.407219,1.570810,0.000000,-0.000038,0.000422,-0.001917,0.034610,0.000000,0.032789
1555578383,405853986,0.004276,-0.209737,0.120523,0.960667,-4.222700,-1.407159,1.570858,0.000000,-0.000038,0.000422,-0.006277,-0.033676,0.000000,-0.037654
1555578383,415854930,0.004276,-0.209749,0.120559,0.960823,-4.222616,-1.407195,1.570930,0.000000,-0.000038,0.000422,0.001048,0.034563,0.000000,0.039093
1555578383,425856113,0.004276,-0.209772,0.120463,0.960703,-4.222472,-1.407207,1.570894,0.000000,-0.000038,0.000422,-0.012566,0.014189,0.000000,0.022075
1555578383,435856103,0.004276,-0.209677,0.120463,0.960763,-4.222856,-1.407219,1.570762,0.000000,-0.000038,0.000422,0.010917,-0.016179,0.000000,-0.016179
1555578383,445851087,0.004276,-0.209725,0.120451,0.960811,-4.222605,-1.407135,1.570930,0.000000,-0.000038,0.000422,0.004167,0.009971,0.000000,0.018504
1555578383,455857992,0.004276,-0.209784,0.120463,0.960655,-4.222700,-1.407159,1.570786,0.000000,-0.000038,0.000422,-0.005382,0.003931,0.000000,0.005033
1555578383,465857982,0.004276,-0.209713,0.120439,0.960727,-4.222832,-1.407207,1.570846,0.000000,-0.000038,0.000422,-0.012528,0.031183,0.000000,0.047410
1555578383,476773977,0.004276,-0.209713,0.120427,0.960619,-4.222640,-1.407231,1.570822,0.000000,-0.000038,-0.000320,-0.004078,-0.031854,0.000000,-0.042904
1555578383,485865116,0.004276,-0.209749,0.120427,0.960763,-4.222700,-1.407207,1.570894,0.000000,-0.000038,0.000000,0.006890,0.035114,0.000000,0.032381
1555578383,495812892,0.004276,-0.209701,0.120451,0.960775,-4.222820,-1.407195,1.570810,0.000000,-0.000038,0.000000,0.003694,-0.034850,0.000000,-0.015028
1555578383,505892992,0.004276,-0.209761,0.120499,0.960751,-4.222880,-1.407171,1.570870,0.000000,-0.000038,0.000000,0.012566,-0.025910,0.000000,0.040698
1555578383,515867948,0.004276,-0.209725,0.120463,0.960799,-4.222568,-1.407195,1.570894,0.000000,-0.000038,0.000000,-0.008974,0.010235,0.000000,-0.039716
1555578383,525902986,0.004276,-0.209772,0.120487,0.960679,-4.222712,-1.407159,1.570930,0.000000,-0.000038,0.000000,-0.004423,0.004746,0.000000,0.031782
1555578383,535860061,0.004276,-0.209761,0.120511,0.960859,-4.222616,-1.407147,1.570858,0.000000,-0.000038,0.000000,0.011262,-0.045660,0.000000,-0.030344
1555578383,545861005,0.004276,-0.209761,0.120535,0.960727,-4.222628,-1.407183,1.570834,0.000000,-0.000038,0.000000,0.002442,-0.023369,0.000000,0.004482
1555578383,555859088,0.004276,-0.209761,0.120499,0.960835,-4.222736,-1.407195,1.570906,0.000000,-0.000038,0.000000,0.007529,0.037870,0.000000,-0.047050
1555578383,565857887,0.004276,-0.209737,0.120535,0.960775,-4.222784,-1.407171,1.570870,0.000000,-0.000038,0.000000,-0.000997,-0.041106,0.000000,0.045540
1555578383,575853109,0.004276,-0.209749,0.120475,0.960691,-4.222497,-1.407195,1.570762,0.000000,-0.000038,0.000000,-0.005190,0.025910,0.000000,-0.032381
1555578383,585856914,0.004276,-0.209749,0.120463,0.960775,-4.222533,-1.407171,1.570846,0.000000,0.000000,0.000000,-0.013857,0.016059,0.000000,0.003643
1555578383,595869064,0.004276,-0.209749,0.120427,0.960679,-4.222784,-1.407183,1.570930,0.000000,0.000000,0.000000,-0.006136,-0.016179,0.000000,-0.003931
1555578383,605864048,0.004276,-0.209772,0.120451,0.960799,-4.222616,-1.407171,1.570882,0.000000,0.000000,0.000000,0.007069,-0.004914,0.000000,0.044246
1555578383,615850925,0.004276,-0.209725,0.120463,0.960715,-4.222761,-1.407183,1.570798,0.000000,0.000000,0.000000,-0.014164,0.003643,0.000000,-0.034563
1555578383,625855922,0.004276,-0.209772,0.120427,0.960835,-4.222820,-1.407135,1.570750,0.000000,0.000000,0.000000,0.004960,0.037918,0.000000,-0.021596
1555578383,635867118,0.004276,-0.209749,0.120451,0.960727,-4.222605,-1.407183,1.570930,0.000000,0.000000,0.000000,-0.006980,-0.036887,0.000000,-0.004554
1555578383,645862102,0.004276,-0.209749,0.120427,0.960655,-4.222581,-1.407195,1.570894,0.000000,0.000000,0.000000,-0.003132,0.035186,0.000000,0.050118
1555578383,655846118,0.004276,-0.209737,0.120415,0.960811,-4.222880,-1.407171,1.570870,0.000000,0.000000,0.000000,0.012528,-0.040219,0.000000,-0.045804
1555578383,665857076,0.004276,-0.209784,0.120427,0.960739,-4.222796,-1.407147,1.570810,0.000000,0.000000,0.000000,0.001381,-0.015723,0.000000,-0.044653
1555578383,675846099,0.004276,-0.209725,0.120475,0.960835,-4.222581,-1.407147,1.570978,0.000000,0.000000,0.000000,0.005382,-0.003523,0.000000,0.032381
1555578383,685841083,0.004276,-0.209772,0.120463,0.960679,-4.222820,-1.407219,1.570822,0.000000,0.000000,0.000000,-0.008808,0.003955,0.000000,0.028355
1555578383,695859909,0.004276,-0.209737,0.120523,0.960739,-4.222509,-1.407159,1.570894,0.000000,0.000000,0.000000,0.012042,-0.003356,0.000000,-0.037391
1555578383,705869913,0.004276,-0.209772,0.120487,0.960691,-4.222616,-1.407159,1.570810,0.000000,0.000000,0.000000,-0.008373,-0.039788,0.000000,-0.042784
1555578383,715862035,0.004276,-0.209737,0.120487,0.960775,-4.222568,-1.407219,1.570954,0.000000,0.000000,0.000000,0.001125,0.032837,0.000000,0.025910
1555578383,725846052,0.004276,-0.209737,0.120463,0.960799,-4.222892,-1.407231,1.570738,0.000000,0.000000,0.000000,0.005510,-0.037870,0.000000,0.006256
1555578383,735903024,0.004276,-0.209737,0.120523,0.960751,-4.222424,-1.407183,1.570858,0.000000,0.000000,0.000000,-0.010763,0.025910,0.000000,-0.043742
1555578383,745846986,0.004276,-0.209772,0.120499,0.960847,-4.222581,-1.407171,1.570738,0.000000,0.000000,0.000000,0.004883,0.025910,0.000000,-0.034874
1555578383,755851030,0.004276,-0.209761,0.120463,0.960667,-4.222772,-1.407171,1.570858,0.000000,0.000000,0.000000,-0.011351,0.004530,0.000000,0.033340
1555578383,765865087,0.004276,-0.209772,0.120451,0.960739,-4.222497,-1.407147,1.570726,0.000000,0.000000,0.000000,0.012131,-0.040315,0.000000,-0.025910
1555578383,775851964,0.004276,-0.209749,0.120463,0.960751,-4.222796,-1.407207,1.570858,0.000000,0.000000,0.000000,-0.001892,0.036073,0.000000,-0.004530
1555578383,785850048,0.004276,-0.209772,0.120463,0.960787,-4.222628,-1.407135,1.570786,0.000000,0.000000,0.000000,0.006277,0.031399,0.000000,-0.043095
1555578383,795845985,0.004276,-0.209761,0.120427,0.960763,-4.222808,-1.407183,1.570894,0.000000,0.000000,0.000000,-0.000665,-0.040171,0.000000,0.043191
1555578383,805864095,0.004276,-0.209749,0.120487,0.960655,-4.222436,-1.407219,1.570726,0.000000,0.000000,0.000000,-0.009050,0.020613,0.000000,-0.025910
1555578383,815850019,0.004276,-0.209701,0.120499,0.960715,-4.222904,-1.407159,1.570894,0.000000,0.000000,0.000000,0.014253,-0.026006,0.000000,0.017161
1555578383,825855016,0.004276,-0.209713,0.120439,0.960655,-4.222689,-1.407183,1.570882,0.000000,0.000000,0.000000,-0.005024,0.004027,0.000000,-0.045396
1555578383,835844039,0.004276,-0.209701,0.120475,0.960739,-4.222581,-1.407219,1.570930,0.000000,0.000000,0.000000,0.011403,-0.047362,0.000000,0.035569
1555578383,845834970,0.004276,-0.209713,0.120487,0.960739,-4.222808,-1.407195,1.570774,0.000000,0.000000,0.000000,-0.013934,0.035234,0.000000,-0.037894
1555578383,855845928,0.004276,-0.209749,0.120499,0.960655,-4.222616,-1.407159,1.570930,0.000000,0.000000,0.000000,0.002621,-0.029218,0.000000,0.032381
1555578383,865852117,0.004276,-0.209749,0.120439,0.960691,-4.222784,-1.407207,1.570894,0.000000,0.000000,0.000000,-0.001087,-0.033532,0.000000,-0.033172
1555578383,875838994,0.004276,-0.209737,0.120499,0.960715,-4.222544,-1.407171,1.570822,0.000000,0.000000,0.000000,-0.001087,0.032381,0.000000,0.032597
1555578383,885869026,0.004276,-0.209749,0.120439,0.960763,-4.222916,-1.407255,1.570810,0.000000,0.000000,0.000000,0.010469,-0.013350,0.000000,-0.041945
1555578383,895857095,0.004276,-0.209749,0.120499,0.960787,-4.222509,-1.407171,1.570906,0.000000,0.000000,0.000000,-0.009012,0.018504,0.000000,0.046810
1555578383,905849933,0.004276,-0.209796,0.120487,0.960799,-4.222640,-1.407147,1.570918,0.000000,0.000000,0.000000,0.007619,-0.005465,0.000000,0.015579
1555578383,915853023,0.004276,-0.209749,0.120511,0.960775,-4.222880,-1.407231,1.570798,0.000000,0.000000,0.000000,-0.011748,-0.008844,0.000000,-0.018336
1555578383,925863981,0.004276,-0.209701,0.120475,0.960691,-4.222593,-1.407195,1.570894,0.000000,0.000000,0.000000,-0.004858,-0.003667,0.000000,-0.033364
1555578383,935863971,0.004276,-0.209713,0.120511,0.960787,-4.222856,-1.407243,1.570882,0.000000,0.000000,0.000000,0.006136,-0.009923,0.000000,0.041058
1555578383,945841073,0.004276,-0.209737,0.120439,0.960727,-4.222605,-1.407231,1.570966,0.000000,0.000000,0.000000,-0.003004,0.034563,0.000000,0.043047
1555578383,955868005,0.004276,-0.209749,0.120427,0.960787,-4.222940,-1.407183,1.570798,0.000000,0.000000,0.000000,0.009485,-0.040698,0.000000,-0.021596
1555578383,965853929,0.004276,-0.209784,0.120499,0.960763,-4.222521,-1.407183,1.570978,0.000000,0.000000,0.000000,-0.015621,0.036576,0.000000,-0.004194
1555578383,975862979,0.004276,-0.209749,0.120439,0.960655,-4.222892,-1.407207,1.570858,0.000000,0.000000,0.000000,-0.005548,-0.032214,0.000000,0.045492
1555578383,985841035,0.004276,-0.209725,0.120475,0.960715,-4.222916,-1.407207,1.570978,0.000000,0.000000,0.000000,-0.005279,0.004842,0.000000,0.032381
1555578383,995835065,0.004276,-0.209808,0.120415,0.960703,-4.222568,-1.407207,1.570786,0.000000,0.000000,0.000000,0.001444,-0.029529,0.000000,-0.019798
1555578384,5867004,0.004276,-0.209713,0.120439,0.960763,-4.222784,-1.407207,1.570942,0.000000,0.000000,0.000000,0.005024,0.002924,0.000000,0.012320
1555578384,15861034,0.004276,-0.209725,0.120451,0.960679,-4.222628,-1.407207,1.570858,0.000000,0.000000,0.000000,-0.006008,-0.029841,0.000000,0.004147
1555578384,25859117,0.004276,-0.209725,0.120415,0.960823,-4.222832,-1.407183,1.570894,0.000000,0.000000,0.000000,0.009421,-0.048632,0.000000,0.042089
1555578384,35856008,0.004276,-0.209749,0.120499,0.960751,-4.222605,-1.407219,1.570798,0.000000,0.000000,0.000000,-0.015519,0.032381,0.000000,-0.043814
1555578384,45864105,0.004276,-0.209772,0.120487,0.960775,-4.222748,-1.407207,1.570978,0.000000,0.000000,0.000000,0.014151,-0.026341,0.000000,0.032381
1555578384,55860042,0.004276,-0.209725,0.120535,0.960823,-4.222665,-1.407159,1.570786,0.000000,0.000000,0.000000,0.006852,0.013255,0.000000,-0.025910
1555578384,65860986,0.004276,-0.209749,0.120451,0.960763,-4.222581,-1.407207,1.570906,0.000000,0.000000,0.000000,-0.002148,-0.033676,0.000000,0.031303
1555578384,75848102,0.004276,-0.209784,0.120487,0.960847,-4.222832,-1.407123,1.570906,0.000000,0.000000,0.000000,0.005049,0.039212,0.000000,-0.042975
1555578384,85859060,0.004276,-0.209761,0.120451,0.960739,-4.222616,-1.407195,1.570930,0.000000,0.000000,0.000000,-0.006277,-0.040171,0.000000,0.036073
1555578384,95853090,0.004276,-0.209772,0.120511,0.960775,-4.222796,-1.407219,1.570846,0.000000,0.000000,0.000000,-0.003311,0.045588,0.000000,-0.034395
1555578384,105855941,0.004276,-0.209761,0.120451,0.960799,-4.222640,-1.407195,1.570798,0.000000,0.000000,0.000000,-0.010763,0.032717,0.000000,0.004003
1555578384,115859031,0.004276,-0.209784,0.120463,0.960763,-4.222844,-1.407195,1.570942,0.000000,0.000000,0.000000,0.012924,-0.016179,0.000000,-0.029002
1555578384,125861883,0.004276,-0.209725,0.120499,0.960811,-4.222677,-1.407207,1.570894,0.000000,0.000000,0.000000,-0.009447,0.025910,0.000000,0.029793
1555578384,135859012,0.004276,-0.209725,0.120487,0.960691,-4.222784,-1.407207,1.570906,0.000000,0.000000,0.000000,-0.004423,-0.010522,0.000000,-0.040219
1555578384,145853996,0.004276,-0.209772,0.120475,0.960835,-4.222844,-1.407135,1.570798,0.000000,0.000000,0.000000,-0.001636,0.047386,0.000000,-0.036887
1555578384,155859947,0.004276,-0.209772,0.120451,0.960739,-4.222568,-1.407231,1.571037,0.000000,0.000000,0.000000,-0.005816,-0.032333,0.000000,0.021596
1555578384,165858983,0.004276,-0.209737,0.120499,0.960823,-4.222689,-1.407159,1.570810,0.000000,0.000000,0.000000,0.007862,0.031231,0.000000,0.004147
1555578384,175858020,0.004276,-0.209784,0.120487,0.960799,-4.222880,-1.407171,1.570930,0.000000,0.000000,0.000000,0.004231,-0.028546,0.000000,-0.003763
1555578384,185854911,0.004276,-0.209737,0.120403,0.960763,-4.222844,-1.407219,1.570834,0.000000,0.000000,0.000000,0.016311,-0.030680,0.000000,-0.044102
1555578384,195853948,0.004276,-0.209772,0.120499,0.960811,-4.222689,-1.407159,1.570990,0.000000,0.000000,0.000000,-0.010048,0.030728,0.000000,0.045204
1555578384,205862998,0.004276,-0.209749,0.120487,0.960727,-4.222724,-1.407219,1.570762,0.000000,0.000000,0.000000,-0.005343,0.006304,0.000000,-0.025910
1555578384,215853929,0.004276,-0.209761,0.120463,0.960883,-4.222689,-1.407195,1.570978,0.000000,0.000000,0.000000,0.004167,-0.005752,0.000000,-0.004099
1555578384,225889921,0.004276,-0.209749,0.120487,0.960751,-4.222593,-1.407183,1.570882,0.000000,0.000000,0.000000,-0.006277,-0.026701,0.000000,-0.047673
1555578384,235851049,0.004276,-0.209796,0.120523,0.960871,-4.222772,-1.407219,1.570966,0.000000,0.000000,0.000000,0.009907,0.027036,0.000000,0.029122
1555578384,247265100,0.004276,-0.209749,0.120499,0.960811,-4.222784,-1.407219,1.570810,0.000000,0.000000,0.000000,-0.001048,-0.037079,0.000000,-0.032381
1555578384,255878925,0.004276,-0.209749,0.120487,0.960691,-4.222605,-1.407183,1.570942,0.000000,0.000000,0.000000,-0.008923,0.035569,0.000000,0.021596
1555578384,265862941,0.004276,-0.209784,0.120463,0.960835,-4.222628,-1.407147,1.570894,0.000000,0.000000,0.000000,-0.012246,0.016179,0.000000,-0.047122
1555578384,275856018,0.004276,-0.209677,0.120499,0.960715,-4.222736,-1.407195,1.570918,0.000000,0.000000,0.000000,-0.004525,-0.014381,0.000000,0.038661
1555578384,285850048,0.004276,-0.209796,0.120475,0.960871,-4.222700,-1.407171,1.570858,0.000000,0.000000,0.000000,0.005369,0.025910,0.000000,-0.035713
1555578384,295841932,0.004276,-0.209749,0.120475,0.960751,-4.222772,-1.407159,1.570930,0.000000,0.000000,0.000000,-0.015007,0.005537,0.000000,0.025910
1555578384,305910110,0.004276,-0.209701,0.120499,0.960835,-4.222868,-1.407207,1.570930,0.000000,0.000000,0.000000,0.005011,0.043047,0.000000,-0.047793
1555578384,315841913,0.004276,-0.209749,0.120475,0.960763,-4.222761,-1.407219,1.570894,0.000000,0.000000,0.000000,-0.008373,-0.030440,0.000000,0.042089
1555578384,325843095,0.004276,-0.209713,0.120487,0.960751,-4.222581,-1.407219,1.570798,0.000000,0.000000,0.000000,-0.003004,0.034059,0.000000,-0.040171
1555578384,335856914,0.004276,-0.209784,0.120415,0.960859,-4.222964,-1.407219,1.570918,0.000000,0.000000,0.000000,0.010866,-0.040962,0.000000,0.025910
1555578384,345833063,0.004276,-0.209761,0.120463,0.960691,-4.222784,-1.407147,1.570858,0.000000,0.000000,0.000000,-0.005126,-0.018216,0.000000,-0.004027
1555578384,355815887,0.004276,-0.209761,0.120475,0.960835,-4.222568,-1.407135,1.570846,0.000000,0.000000,0.000000,0.003707,0.011960,0.000000,0.048824
1555578384,365856885,0.004276,-0.209784,0.120499,0.960775,-4.222796,-1.407195,1.570822,0.000000,0.000000,0.000000,-0.006315,0.023729,0.000000,-0.042880
1555578384,375849962,0.004276,-0.209784,0.120487,0.960691,-4.222533,-1.407231,1.570906,0.000000,0.000000,0.000000,0.001879,-0.039140,0.000000,0.032381
1555578384,385870933,0.004276,-0.209749,0.120499,0.960679,-4.222677,-1.407195,1.570870,0.000000,0.000000,0.000000,-0.006852,-0.036696,0.000000,0.011313
1555578384,395857095,0.004276,-0.209772,0.120523,0.960727,-4.222533,-1.407183,1.570810,0.000000,0.000000,0.000000,-0.004397,0.032381,0.000000,0.004554
1555578384,405858039,0.004276,-0.209749,0.120463,0.960835,-4.222868,-1.407171,1.570834,0.000000,0.000000,0.000000,0.012566,-0.032381,0.000000,-0.042736
1555578384,415853977,0.004276,-0.209725,0.120523,0.960763,-4.222581,-1.407159,1.570894,0.000000,0.000000,0.000000,-0.017615,0.014956,0.000000,0.036648
1555578384,425856113,0.004276,-0.209725,0.120535,0.960835,-4.222677,-1.407195,1.570930,0.000000,0.000000,0.000000,0.004423,0.014285,0.000000,0.032381
1555578384,435857057,0.004276,-0.209749,0.120499,0.960679,-4.222761,-1.407147,1.570726,0.000000,0.000000,0.000000,-0.008117,0.027899,0.000000,-0.018983
1555578384,445854902,0.004276,-0.209772,0.120439,0.960763,-4.222652,-1.407183,1.570906,0.000000,0.000000,0.000000,0.001406,-0.028570,0.000000,-0.027396
1555578384,455861091,0.004276,-0.209725,0.120487,0.960787,-4.222748,-1.407171,1.570774,0.000000,0.000000,0.000000,0.006456,0.033867,0.000000,0.031542
1555578384,465904951,0.004276,-0.209749,0.120415,0.960739,-4.222616,-1.407231,1.570942,0.000000,0.000000,0.000000,-0.002940,0.037415,0.000000,0.032381
1555578384,475956916,0.004276,-0.209749,0.120463,0.960823,-4.222784,-1.407159,1.570786,0.000000,0.000000,0.000000,0.010048,-0.037583,0.000000,-0.028451
1555578384,485861063,0.004276,-0.209749,0.120487,0.960739,-4.222568,-1.407171,1.570882,0.000000,0.000000,0.000000,-0.010763,0.032381,0.000000,0.016179
1555578384,495867013,0.004276,-0.209749,0.120475,0.960775,-4.222784,-1.407231,1.570750,0.000000,0.000000,0.000000,0.012540,-0.021596,0.000000,-0.021596
1555578384,505873918,0.004276,-0.209761,0.120499,0.960667,-4.222712,-1.407231,1.570774,0.000000,0.000000,0.000000,-0.004180,0.043047,0.000000,0.028834
1555578384,515849113,0.004276,-0.209725,0.120499,0.960787,-4.222665,-1.407159,1.570882,0.000000,0.000000,0.000000,0.000626,-0.042640,0.000000,-0.044318
1555578384,525861024,0.004276,-0.209772,0.120439,0.960823,-4.222748,-1.407183,1.570822,0.000000,0.000000,0.000000,-0.001713,0.043143,0.000000,0.043527
1555578384,535841941,0.004276,-0.209725,0.120487,0.960727,-4.222700,-1.407195,1.570726,0.000000,0.000000,0.000000,-0.007529,-0.039931,0.000000,-0.037966
1555578384,545840978,0.004276,-0.209737,0.120475,0.960823,-4.222808,-1.407195,1.570726,0.000000,0.000000,0.000000,0.005011,-0.035401,0.000000,-0.021596
1555578384,555838108,0.004276,-0.209772,0.120511,0.960775,-4.222460,-1.407219,1.570906,0.000000,0.000000,0.000000,-0.012566,0.031542,0.000000,-0.005800
1555578384,565834999,0.004276,-0.209784,0.120451,0.960835,-4.222796,-1.407207,1.570774,0.000000,0.000000,0.000000,0.012566,-0.021596,0.000000,0.004266
1555578384,575862884,0.004276,-0.209737,0.120511,0.960835,-4.222689,-1.407183,1.570834,0.000000,0.000000,0.000000,-0.001342,0.013255,0.000000,-0.046547
1555578384,585848093,0.004276,-0.209761,0.120451,0.960847,-4.222652,-1.407231,1.570750,0.000000,0.000000,0.000000,0.012604,-0.043383,0.000000,-0.032381
1555578384,595865964,0.004276,-0.209737,0.120511,0.960811,-4.222736,-1.407183,1.570906,0.000000,0.000000,0.000000,-0.013371,0.035353,0.000000,0.034419
1555578384,605860948,0.004276,-0.209737,0.120463,0.960739,-4.222640,-1.407159,1.570750,0.000000,0.000000,0.000000,0.001496,-0.030056,0.000000,-0.032381
1555578384,615858078,0.004276,-0.209749,0.120487,0.960919,-4.222677,-1.407147,1.570894,0.000000,0.000000,0.000000,0.008143,0.034970,0.000000,-0.004818
1555578384,625853061,0.004276,-0.209737,0.120523,0.960739,-4.222509,-1.407171,1.570810,0.000000,0.000000,0.000000,-0.010763,0.025910,0.000000,-0.035329
1555578384,635838985,0.004276,-0.209772,0.120475,0.960811,-4.222856,-1.407195,1.570882,0.000000,0.000000,0.000000,0.008373,-0.018504,0.000000,0.036049
1555578384,645863056,0.004276,-0.209761,0.120427,0.960751,-4.222628,-1.407231,1.570726,0.000000,0.000000,0.000000,-0.012170,0.011577,0.000000,-0.032381
1555578384,655950069,0.004276,-0.209749,0.120439,0.960739,-4.222640,-1.407183,1.570930,0.000000,0.000000,0.000000,-0.004858,0.004722,0.000000,-0.004578
1555578384,665854930,0.004276,-0.209784,0.120475,0.960799,-4.222700,-1.407171,1.570846,0.000000,0.000000,0.000000,-0.019124,0.043479,0.000000,-0.033124
1555578384,675853013,0.004276,-0.209772,0.120463,0.960763,-4.222605,-1.407195,1.570882,0.000000,0.000000,0.000000,0.013256,-0.040483,0.000000,0.032765
1555578384,685842990,0.004276,-0.209737,0.120523,0.960871,-4.222712,-1.407183,1.570750,0.000000,0.000000,0.000000,0.003694,0.031495,0.000000,-0.025910
1555578384,695858001,0.004276,-0.209737,0.120475,0.960763,-4.222796,-1.407183,1.570882,0.000000,0.000000,0.000000,-0.005778,-0.032381,0.000000,0.032381
1555578384,705935001,0.004276,-0.209761,0.120487,0.960787,-4.222964,-1.407135,1.570882,0.000000,0.000000,0.000000,0.008373,-0.015651,0.000000,-0.005033
1555578384,715836048,0.004276,-0.209772,0.120475,0.960751,-4.222556,-1.407147,1.570858,0.000000,0.000000,0.000000,-0.010763,-0.021835,0.000000,0.039260
1555578384,725924015,0.004276,-0.209784,0.120475,0.960775,-4.222724,-1.407195,1.570834,0.000000,0.000000,0.000000,-0.003579,0.032238,0.000000,-0.043239
1555578384,735865116,0.004276,-0.209784,0.120439,0.960895,-4.222772,-1.407195,1.570918,0.000000,0.000000,0.000000,0.011032,-0.043503,0.000000,0.045013
1555578384,745851993,0.004276,-0.209749,0.120451,0.960751,-4.222677,-1.407171,1.570882,0.000000,0.000000,0.000000,0.011735,-0.032381,0.000000,0.021596
1555578384,755856037,0.004276,-0.209761,0.120499,0.960859,-4.222652,-1.407195,1.570810,0.000000,0.000000,0.000000,0.004730,0.018504,0.000000,0.004674
1555578384,765857934,0.004276,-0.209749,0.120511,0.960691,-4.222808,-1.407159,1.570798,0.000000,0.000000,0.000000,-0.005893,-0.021596,0.000000,-0.041058
1555578384,775892972,0.004276,-0.209796,0.120463,0.960751,-4.222436,-1.407195,1.570834,0.000000,0.000000,0.000000,0.001355,-0.004362,0.000000,0.049591
1555578384,785854101,0.004276,-0.209749,0.120499,0.960739,-4.222533,-1.407171,1.570894,0.000000,0.000000,0.000000,-0.008373,-0.028475,0.000000,0.032381
1555578384,795860052,0.004276,-0.209761,0.120475,0.960775,-4.222628,-1.407195,1.570714,0.000000,0.000000,0.000000,-0.003515,0.036480,0.000000,-0.018264
1555578384,805862903,0.004276,-0.209749,0.120499,0.960847,-4.222784,-1.407207,1.570846,0.000000,0.000000,0.000000,0.010124,-0.041609,0.000000,-0.031638
1555578384,815896034,0.004276,-0.209725,0.120451,0.960775,-4.222652,-1.407219,1.570858,0.000000,0.000000,0.000000,-0.017717,0.036576,0.000000,0.044893
1555578384,825859069,0.004276,-0.209761,0.120427,0.960799,-4.222700,-1.407171,1.570954,0.000000,0.000000,0.000000,-0.001176,0.032381,0.000000,0.037247
1555578384,835841894,0.004276,-0.209761,0.120439,0.960631,-4.222761,-1.407219,1.570738,0.000000,0.000000,0.000000,-0.004743,0.005273,0.000000,-0.025910
1555578384,845846891,0.004276,-0.209749,0.120475,0.960763,-4.222460,-1.407159,1.570942,0.000000,0.000000,0.000000,-0.004423,-0.037678,0.000000,0.018312
1555578384,855858087,0.004276,-0.209784,0.120475,0.960799,-4.222952,-1.407207,1.570822,0.000000,0.000000,0.000000,0.008322,0.026437,0.000000,0.027012
1555578384,865860939,0.004276,-0.209713,0.120511,0.960775,-4.222689,-1.407207,1.570966,0.000000,0.000000,0.000000,-0.002902,0.044102,0.000000,0.030224
1555578384,875864982,0.004276,-0.209725,0.120475,0.960847,-4.222700,-1.407171,1.570834,0.000000,0.000000,0.000000,0.009383,-0.045852,0.000000,-0.033100
1555578384,885855913,0.004276,-0.209713,0.120487,0.960799,-4.222665,-1.407207,1.570990,0.000000,0.000000,0.000000,-0.016554,0.035473,0.000000,0.025910
1555578384,895853042,0.004276,-0.209749,0.120511,0.960727,-4.222700,-1.407171,1.570858,0.000000,0.000000,0.000000,0.012489,-0.036120,0.000000,0.004626
1555578384,905850887,0.004276,-0.209761,0.120463,0.960691,-4.222772,-1.407147,1.570942,0.000000,0.000000,0.000000,-0.005382,-0.021596,0.000000,0.034850
1555578384,915852069,0.004276,-0.209772,0.120511,0.960811,-4.222497,-1.407183,1.570882,0.000000,0.000000,0.000000,0.000626,-0.004530,0.000000,-0.034634
1555578384,925858020,0.004276,-0.209772,0.120475,0.960811,-4.222928,-1.407207,1.570930,0.000000,0.000000,0.000000,0.009421,0.025047,0.000000,0.032381
1555578384,935857057,0.004276,-0.209737,0.120475,0.960739,-4.222497,-1.407183,1.570858,0.000000,0.000000,0.000000,-0.012566,-0.005105,0.000000,0.004506
1555578384,945843935,0.004276,-0.209761,0.120487,0.960871,-4.222712,-1.407171,1.570906,0.000000,0.000000,0.000000,0.007849,-0.047146,0.000000,0.031806
1555578384,955857992,0.004276,-0.209772,0.120451,0.960727,-4.222677,-1.407159,1.570858,0.000000,0.000000,0.000000,-0.012604,0.044174,0.000000,-0.032381
1555578384,965858936,0.004276,-0.209761,0.120439,0.960787,-4.222581,-1.407219,1.570966,0.000000,0.000000,0.000000,0.015071,-0.038733,0.000000,0.014405
1555578384,975893020,0.004276,-0.209749,0.120499,0.960811,-4.222689,-1.407147,1.570822,0.000000,0.000000,0.000000,-0.010086,0.025431,0.000000,-0.021596
1555578384,985856056,0.004276,-0.209749,0.120463,0.960835,-4.222616,-1.407171,1.570870,0.000000,0.000000,0.000000,0.004078,-0.003979,0.000000,0.003979
1555578384,995846986,0.004276,-0.209772,0.120463,0.960823,-4.222868,-1.407183,1.570894,0.000000,0.000000,0.000000,-0.001508,0.004171,0.000000,-0.047769
1555578385,5850076,0.004276,-0.209784,0.120511,0.960727,-4.222497,-1.407195,1.570918,0.000000,0.000000,0.000000,-0.004832,-0.003427,0.000000,0.041202
1555578385,15831947,0.004276,-0.209761,0.120475,0.960859,-4.222808,-1.407183,1.570822,0.000000,0.000000,0.000000,0.009421,0.040555,0.000000,-0.043191
1555578385,25844097,0.004276,-0.209749,0.120451,0.960727,-4.222568,-1.407171,1.570834,0.000000,0.000000,0.000000,-0.009971,0.038062,0.000000,0.003955
1555578385,35844087,0.004276,-0.209761,0.120427,0.960835,-4.222748,-1.407195,1.570990,0.000000,0.000000,0.000000,0.016835,-0.039188,0.000000,-0.051436
1555578385,45847892,0.004276,-0.209772,0.120451,0.960835,-4.222628,-1.407195,1.570894,0.000000,0.000000,0.000000,-0.012847,0.021596,0.000000,0.050046
1555578385,55855989,0.004276,-0.209725,0.120451,0.960727,-4.222677,-1.407183,1.570762,0.000000,0.000000,0.000000,-0.003976,-0.030632,0.000000,-0.042880
1555578385,65855979,0.004276,-0.209796,0.120463,0.960835,-4.222880,-1.407231,1.570786,0.000000,0.000000,0.000000,-0.001508,0.003715,0.000000,-0.012871
1555578385,75851917,0.004276,-0.209749,0.120475,0.960751,-4.222436,-1.407147,1.570930,0.000000,0.000000,0.000000,0.002314,-0.003763,0.000000,-0.026917
1555578385,85856914,0.004276,-0.209772,0.120451,0.960823,-4.222844,-1.407195,1.570822,0.000000,0.000000,0.000000,0.005548,0.035713,0.000000,0.031614
1555578385,95890045,0.004276,-0.209761,0.120487,0.960787,-4.222712,-1.407219,1.570798,0.000000,0.000000,0.000000,-0.009421,-0.031255,0.000000,-0.041298
1555578385,105855941,0.004276,-0.209772,0.120463,0.960823,-4.222928,-1.407159,1.570762,0.000000,0.000000,0.000000,0.013192,-0.038350,0.000000,-0.025910
1555578385,115855932,0.004276,-0.209772,0.120487,0.960811,-4.222533,-1.407135,1.570954,0.000000,0.000000,0.000000,-0.015404,0.032381,0.000000,0.021596
1555578385,125858068,0.004276,-0.209749,0.120463,0.960751,-4.222772,-1.407195,1.570786,0.000000,0.000000,0.000000,0.001317,-0.032381,0.000000,0.004051
1555578385,135853052,0.004276,-0.209761,0.120439,0.960871,-4.222581,-1.407171,1.570858,0.000000,0.000000,0.000000,0.007005,0.025910,0.000000,-0.047721
1555578385,145848989,0.004276,-0.209772,0.120475,0.960691,-4.222509,-1.407195,1.570738,0.000000,0.000000,0.000000,0.001739,-0.040914,0.000000,-0.040435
1555578385,155860900,0.004276,-0.209761,0.120427,0.960835,-4.222784,-1.407171,1.570930,0.000000,0.000000,0.000000,0.004474,0.037199,0.000000,0.032381
1555578385,165798902,0.004276,-0.209737,0.120499,0.960739,-4.222677,-1.407207,1.570714,0.000000,0.000000,0.000000,-0.008373,-0.028115,0.000000,-0.020014
1555578385,175848960,0.004276,-0.209784,0.120499,0.960763,-4.222533,-1.407147,1.570894,0.000000,0.000000,0.000000,-0.003004,0.037103,0.000000,-0.030344
1555578385,185856103,0.004276,-0.209749,0.120499,0.960787,-4.222472,-1.407111,1.570810,0.000000,0.000000,0.000000,-0.015225,0.032381,0.000000,-0.036840
1555578385,195846080,0.004276,-0.209784,0.120523,0.960799,-4.222808,-1.407207,1.570882,0.000000,0.000000,0.000000,0.011403,-0.025910,0.000000,0.037990
1555578385,205883979,0.004276,-0.209749,0.120475,0.960883,-4.222616,-1.407231,1.570738,0.000000,0.000000,0.000000,0.004704,-0.004722,0.000000,-0.032381
1555578385,215866088,0.004276,-0.209761,0.120427,0.960739,-4.222772,-1.407159,1.570906,0.000000,0.000000,0.000000,-0.008309,0.003907,0.000000,0.016179
1555578385,225860118,0.004276,-0.209725,0.120463,0.960787,-4.222808,-1.407231,1.570882,0.000000,0.000000,0.000000,0.005203,-0.008557,0.000000,-0.004123
1555578385,235853910,0.004276,-0.209749,0.120487,0.960715,-4.222628,-1.407207,1.570822,0.000000,0.000000,0.000000,-0.006277,-0.004386,0.000000,0.046834
1555578385,245853900,0.004276,-0.209821,0.120475,0.960823,-4.222628,-1.407219,1.570822,0.000000,0.000000,0.000000,0.005024,0.041154,0.000000,-0.046379
1555578385,255863904,0.004276,-0.209772,0.120451,0.960847,-4.222748,-1.407231,1.570906,0.000000,0.000000,0.000000,0.009421,-0.041154,0.000000,0.043191
1555578385,265860080,0.004276,-0.209749,0.120511,0.960739,-4.222772,-1.407159,1.570906,0.000000,0.000000,0.000000,0.015365,-0.025910,0.000000,0.016442
1555578385,275859117,0.004276,-0.209749,0.120451,0.960859,-4.222581,-1.407183,1.570834,0.000000,0.000000,0.000000,-0.007747,0.010786,0.000000,0.032142
1555578385,285860061,0.004276,-0.209784,0.120475,0.960679,-4.222677,-1.407207,1.570870,0.000000,0.000000,0.000000,-0.004704,0.040794,0.000000,-0.036720
1555578385,295851945,0.004276,-0.209784,0.120487,0.960835,-4.222628,-1.407219,1.570858,0.000000,0.000000,0.000000,0.008105,-0.043671,0.000000,0.037055
1555578385,305838108,0.004276,-0.209749,0.120499,0.960739,-4.222628,-1.407159,1.570942,0.000000,0.000000,0.000000,-0.006277,-0.027036,0.000000,0.043191
1555578385,315836906,0.004276,-0.209772,0.120475,0.960823,-4.222700,-1.407243,1.570738,0.000000,0.000000,0.000000,0.006315,0.036216,0.000000,-0.025910
1555578385,325843095,0.004276,-0.209749,0.120463,0.960787,-4.222832,-1.407243,1.570918,0.000000,0.000000,0.000000,0.007926,-0.041082,0.000000,0.015747
1555578385,335841894,0.004276,-0.209796,0.120523,0.960739,-4.222628,-1.407171,1.570810,0.000000,0.000000,0.000000,-0.008373,0.032381,0.000000,0.032309
1555578385,345860004,0.004276,-0.209772,0.120499,0.960775,-4.222689,-1.407183,1.570954,0.000000,0.000000,0.000000,-0.009511,0.010954,0.000000,0.041298
1555578385,355931997,0.004276,-0.209737,0.120487,0.960751,-4.222736,-1.407147,1.570810,0.000000,0.000000,0.000000,-0.004180,-0.009060,0.000000,-0.043575
1555578385,365859985,0.004276,-0.209784,0.120499,0.960871,-4.222640,-1.407183,1.571014,0.000000,0.000000,0.000000,0.000652,-0.004410,0.000000,0.032381
1555578385,375859975,0.004276,-0.209761,0.120475,0.960787,-4.222856,-1.407159,1.570834,0.000000,0.000000,0.000000,-0.001381,0.045061,0.000000,-0.018504
1555578385,385862112,0.004276,-0.209808,0.120463,0.960859,-4.222665,-1.407183,1.570870,0.000000,0.000000,0.000000,0.009421,0.030104,0.000000,0.047769
1555578385,395858049,0.004276,-0.209737,0.120499,0.960799,-4.222892,-1.407183,1.570894,0.000000,0.000000,0.000000,0.003643,-0.039164,0.000000,-0.047745
1555578385,405853986,0.004276,-0.209749,0.120475,0.960715,-4.222544,-1.407195,1.570954,0.000000,0.000000,0.000000,-0.012042,0.043191,0.000000,0.041178
1555578385,415864944,0.004276,-0.209725,0.120439,0.960799,-4.222856,-1.407183,1.570834,0.000000,0.000000,0.000000,0.017385,-0.021596,0.000000,-0.043191
1555578385,425863981,0.004276,-0.209761,0.120487,0.960679,-4.222784,-1.407159,1.570738,0.000000,0.000000,0.000000,-0.004218,-0.011025,0.000000,-0.012847
1555578385,435853958,0.004276,-0.209772,0.120463,0.960847,-4.222652,-1.407183,1.570894,0.000000,0.000000,0.000000,0.004730,-0.003547,0.000000,-0.003739
1555578385,445852994,0.004276,-0.209761,0.120451,0.960823,-4.222868,-1.407207,1.570834,0.000000,0.000000,0.000000,-0.001483,0.029050,0.000000,0.042640
1555578385,455852985,0.004276,-0.209749,0.120487,0.960703,-4.222616,-1.407195,1.570750,0.000000,0.000000,0.000000,0.002454,-0.036887,0.000000,-0.037247
1555578385,465868949,0.004276,-0.209749,0.120499,0.960727,-4.222832,-1.407219,1.570762,0.000000,0.000000,0.000000,-0.006967,-0.045157,0.000000,-0.032381
1555578385,475862026,0.004276,-0.209749,0.120475,0.960739,-4.222472,-1.407159,1.570930,0.000000,0.000000,0.000000,-0.003132,0.032381,0.000000,-0.004266
1555578385,485858917,0.004276,-0.209761,0.120451,0.960835,-4.223012,-1.407159,1.570798,0.000000,0.000000,0.000000,0.011671,-0.025910,0.000000,0.046930
1555578385,495847940,0.004276,-0.209772,0.120463,0.960787,-4.222509,-1.407183,1.570834,0.000000,0.000000,0.000000,-0.015493,0.032381,0.000000,-0.041945
1555578385,505866050,0.004276,-0.209761,0.120451,0.960847,-4.222593,-1.407231,1.570762,0.000000,0.000000,0.000000,0.008437,0.019678,0.000000,-0.032381
1555578385,515877962,0.004276,-0.209761,0.120511,0.960775,-4.222856,-1.407183,1.570930,0.000000,0.000000,0.000000,-0.014087,0.028283,0.000000,0.025910
1555578385,525855064,0.004276,-0.209784,0.120499,0.960739,-4.222521,-1.407195,1.570750,0.000000,0.000000,0.000000,-0.004257,-0.022363,0.000000,-0.016658
1555578385,535859107,0.004276,-0.209772,0.120439,0.960871,-4.222820,-1.407219,1.570810,0.000000,0.000000,0.000000,0.005100,0.022962,0.000000,-0.026965
1555578385,545860052,0.004276,-0.209761,0.120463,0.960739,-4.222581,-1.407159,1.570726,0.000000,0.000000,0.000000,-0.003426,0.035401,0.000000,-0.039452
1555578385,555814027,0.004276,-0.209796,0.120499,0.960811,-4.222928,-1.407135,1.570942,0.000000,0.000000,0.000000,0.010763,-0.036768,0.000000,0.021596
1555578385,565866947,0.004276,-0.209784,0.120463,0.960775,-4.222605,-1.407207,1.570714,0.000000,0.000000,0.000000,-0.013269,0.032381,0.000000,-0.018504
1555578385,575849056,0.004276,-0.209725,0.120487,0.960751,-4.222832,-1.407159,1.570894,0.000000,0.000000,0.000000,-0.004167,-0.025910,0.000000,-0.004506
1555578385,585869073,0.004276,-0.209784,0.120475,0.960775,-4.222856,-1.407147,1.570822,0.000000,0.000000,0.000000,-0.013052,0.003404,0.000000,-0.042592
1555578385,595849037,0.004276,-0.209749,0.120511,0.960751,-4.222521,-1.407243,1.570978,0.000000,0.000000,0.000000,-0.004397,-0.043694,0.000000,0.032381
1555578385,605839967,0.004276,-0.209749,0.120475,0.960835,-4.222832,-1.407171,1.570822,0.000000,0.000000,0.000000,0.005177,0.042304,0.000000,-0.032381
1555578385,615850925,0.004276,-0.209749,0.120451,0.960739,-4.222712,-1.407159,1.570942,0.000000,0.000000,0.000000,-0.007529,-0.030296,0.000000,0.021596
1555578385,625865936,0.004276,-0.209784,0.120487,0.960823,-4.222952,-1.407159,1.570846,0.000000,0.000000,0.000000,0.009229,-0.032381,0.000000,-0.041825
1555578385,635845899,0.004276,-0.209737,0.120463,0.960739,-4.222556,-1.407207,1.570882,0.000000,0.000000,0.000000,-0.016056,0.021596,0.000000,0.046643
1555578385,645847082,0.004276,-0.209749,0.120451,0.960751,-4.222844,-1.407219,1.570714,0.000000,0.000000,0.000000,0.010060,-0.025910,0.000000,-0.034898
1555578385,655834913,0.004276,-0.209737,0.120475,0.960883,-4.222665,-1.407183,1.570918,0.000000,0.000000,0.000000,0.004704,0.021596,0.000000,0.041441
1555578385,665822029,0.004276,-0.209784,0.120475,0.960739,-4.222521,-1.407159,1.570966,0.000000,0.000000,0.000000,0.001470,-0.027636,0.000000,0.015004
1555578385,675859928,0.004276,-0.209784,0.120463,0.960835,-4.222808,-1.407135,1.570870,0.000000,0.000000,0.000000,0.004730,0.020181,0.000000,0.028714
1555578385,685853004,0.004276,-0.209713,0.120463,0.960715,-4.222652,-1.407195,1.570810,0.000000,0.000000,0.000000,-0.007529,-0.035066,0.000000,-0.043623
1555578385,695863008,0.004276,-0.209796,0.120499,0.960787,-4.222628,-1.407207,1.570930,0.000000,0.000000,0.000000,-0.004628,0.040099,0.000000,0.042472
1555578385,705857992,0.004276,-0.209784,0.120499,0.960775,-4.222533,-1.407195,1.570954,0.000000,0.000000,0.000000,-0.015071,0.019343,0.000000,0.032381
1555578385,715858936,0.004276,-0.209772,0.120463,0.960751,-4.222844,-1.407219,1.570726,0.000000,0.000000,0.000000,0.011198,-0.015124,0.000000,0.004194
1555578385,725853919,0.004276,-0.209761,0.120511,0.960895,-4.222605,-1.407159,1.570870,0.000000,0.000000,0.000000,0.004806,-0.003571,0.000000,-0.046067
1555578385,735836029,0.004276,-0.209784,0.120487,0.960715,-4.222868,-1.407207,1.570834,0.000000,0.000000,0.000000,-0.011607,0.005225,0.000000,0.053306
1555578385,745856046,0.004276,-0.209761,0.120463,0.960823,-4.222820,-1.407171,1.570942,0.000000,0.000000,0.000000,-0.001508,0.036792,0.000000,0.032381
1555578385,755856990,0.004276,-0.209772,0.120523,0.960655,-4.222689,-1.407195,1.570762,0.000000,0.000000,0.000000,-0.006213,-0.035617,0.000000,-0.025910
1555578385,765844106,0.004276,-0.209772,0.120487,0.960787,-4.222665,-1.407183,1.570930,0.000000,0.000000,0.000000,0.006315,0.033724,0.000000,-0.004290
1555578385,775860071,0.004276,-0.209749,0.120475,0.960787,-4.222964,-1.407231,1.570858,0.000000,0.000000,0.000000,0.006865,-0.040267,0.000000,0.046906
1555578385,785856008,0.004276,-0.209725,0.120463,0.960775,-4.222856,-1.407159,1.570894,0.000000,0.000000,0.000000,0.013231,-0.017042,0.000000,0.034802
1555578385,795870065,0.004276,-0.209749,0.120475,0.960799,-4.222640,-1.407195,1.570738,0.000000,0.000000,0.000000,0.003221,0.016179,0.000000,-0.035617
1555578385,805851936,0.004276,-0.209784,0.120463,0.960667,-4.222761,-1.407195,1.570942,0.000000,0.000000,0.000000,-0.010674,0.004866,0.000000,0.021596
1555578385,815860033,0.004276,-0.209737,0.120439,0.960763,-4.222665,-1.407159,1.570750,0.000000,0.000000,0.000000,0.018357,-0.044222,0.000000,0.004961
1555578385,825865030,0.004276,-0.209772,0.120475,0.960715,-4.222761,-1.407207,1.570798,0.000000,0.000000,0.000000,-0.007107,-0.029313,0.000000,0.049447
1555578385,835834026,0.004276,-0.209749,0.120475,0.960787,-4.222568,-1.407183,1.570762,0.000000,0.000000,0.000000,0.006852,0.039548,0.000000,-0.025910
1555578385,845833063,0.004276,-0.209784,0.120427,0.960763,-4.223024,-1.407207,1.570894,0.000000,0.000000,0.000000,0.002787,-0.021596,0.000000,0.032381
1555578385,855848073,0.004276,-0.209761,0.120499,0.960631,-4.222436,-1.407159,1.570774,0.000000,0.000000,0.000000,-0.011428,0.016179,0.000000,-0.032381
1555578385,865895986,0.004276,-0.209784,0.120451,0.960787,-4.222640,-1.407183,1.570822,0.000000,0.000000,0.000000,0.005701,0.021596,0.000000,0.048992
1555578385,875840902,0.004276,-0.209784,0.120463,0.960631,-4.222808,-1.407219,1.570810,0.000000,0.000000,0.000000,-0.007785,0.004770,0.000000,-0.043790
1555578385,885863065,0.004276,-0.209772,0.120439,0.960751,-4.222665,-1.407171,1.570906,0.000000,0.000000,0.000000,0.014956,-0.046019,0.000000,0.040435
1555578385,895860910,0.004276,-0.209761,0.120511,0.960775,-4.222940,-1.407207,1.570762,0.000000,0.000000,0.000000,0.004103,0.029194,0.000000,-0.035210
1555578385,905865907,0.004276,-0.209784,0.120463,0.960811,-4.222808,-1.407195,1.570810,0.000000,0.000000,0.000000,0.007529,0.040531,0.000000,-0.012056
1555578385,915858030,0.004276,-0.209761,0.120451,0.960739,-4.222772,-1.407231,1.570870,0.000000,0.000000,0.000000,0.002889,-0.039500,0.000000,-0.043263
1555578385,925911903,0.004276,-0.209796,0.120499,0.960679,-4.222533,-1.407183,1.570870,0.000000,0.000000,0.000000,-0.009421,0.032381,0.000000,0.044749
1555578385,935864925,0.004276,-0.209749,0.120487,0.960751,-4.222952,-1.407183,1.570810,0.000000,0.000000,0.000000,0.014407,-0.017161,0.000000,-0.033508
1555578385,945852994,0.004276,-0.209749,0.120487,0.960703,-4.222796,-1.407231,1.570678,0.000000,0.000000,0.000000,0.001087,-0.018504,0.000000,-0.022770
1555578385,955853939,0.004276,-0.209761,0.120487,0.960811,-4.222652,-1.407195,1.570894,0.000000,0.000000,0.000000,0.007568,-0.004266,0.000000,0.013974
1555578385,965859889,0.004276,-0.209784,0.120499,0.960739,-4.222868,-1.407195,1.570774,0.000000,0.000000,0.000000,-0.012297,0.033819,0.000000,0.046786
1555578385,975852012,0.004276,-0.209749,0.120499,0.960691,-4.222605,-1.407135,1.570822,0.000000,0.000000,0.000000,0.001726,-0.026006,0.000000,-0.041609
1555578385,985855102,0.004276,-0.209725,0.120463,0.960691,-4.222772,-1.407183,1.570750,0.000000,0.000000,0.000000,-0.008181,-0.035929,0.000000,-0.025910
1555578385,995862960,0.004276,-0.209808,0.120511,0.960739,-4.222544,-1.407195,1.570966,0.000000,0.000000,0.000000,-0.003132,0.039308,0.000000,-0.004458
1555578386,5853891,0.004276,-0.209761,0.120451,0.960787,-4.222988,-1.407207,1.570822,0.000000,0.000000,0.000000,0.012796,-0.032381,0.000000,0.026341
1555578386,15858888,0.004276,-0.209784,0.120535,0.960775,-4.222472,-1.407207,1.570954,0.000000,0.000000,0.000000,-0.014560,0.032381,0.000000,-0.049447
1555578386,25861024,0.004276,-0.209761,0.120463,0.960871,-4.222640,-1.407171,1.570846,0.000000,0.000000,0.000000,0.006277,-0.004194,0.000000,-0.035521
1555578386,35852909,0.004276,-0.209796,0.120439,0.960703,-4.222868,-1.407171,1.570966,0.000000,0.000000,0.000000,-0.013512,0.003811,0.000000,0.034850
1555578386,46885013,0.004276,-0.209761,0.120451,0.960751,-4.222568,-1.407195,1.570774,0.000000,0.000000,0.000000,0.002224,-0.025766,0.000000,-0.021596
1555578386,55850028,0.004276,-0.209749,0.120499,0.960823,-4.222796,-1.407183,1.570930,0.000000,0.000000,0.000000,0.004282,0.020877,0.000000,-0.004674
1555578386,65866947,0.004276,-0.209772,0.120499,0.960739,-4.222652,-1.407159,1.570906,0.000000,0.000000,0.000000,0.000716,0.035689,0.000000,-0.044222
1555578386,75869083,0.004276,-0.209749,0.120463,0.960811,-4.222820,-1.407231,1.570966,0.000000,0.000000,0.000000,0.009421,-0.041777,0.000000,0.036935
1555578386,85844993,0.004276,-0.209784,0.120523,0.960739,-4.222616,-1.407207,1.570810,0.000000,0.000000,0.000000,-0.015864,0.032381,0.000000,-0.042424
1555578386,95860958,0.004276,-0.209737,0.120535,0.960715,-4.222736,-1.407183,1.570990,0.000000,0.000000,0.000000,0.015736,-0.016970,0.000000,0.017617
1555578386,105856895,0.004276,-0.209808,0.120439,0.960715,-4.222844,-1.407207,1.570894,0.000000,0.000000,0.000000,-0.004704,0.004027,0.000000,-0.031974
1555578386,115843057,0.004276,-0.209772,0.120463,0.960787,-4.222605,-1.407135,1.570918,0.000000,0.000000,0.000000,0.008309,-0.035401,0.000000,0.045420
1555578386,125847101,0.004276,-0.209761,0.120487,0.960775,-4.222784,-1.407159,1.570822,0.000000,0.000000,0.000000,0.004142,0.026725,0.000000,-0.035929
1555578386,135838031,0.004276,-0.209749,0.120451,0.960691,-4.222593,-1.407195,1.570966,0.000000,0.000000,0.000000,-0.006277,-0.031231,0.000000,0.032381
1555578386,145853042,0.004276,-0.209737,0.120475,0.960835,-4.222808,-1.407183,1.571014,0.000000,0.000000,0.000000,0.008769,-0.034850,0.000000,-0.004530
1555578386,155850887,0.004276,-0.209784,0.120475,0.960715,-4.222677,-1.407219,1.570834,0.000000,0.000000,0.000000,-0.013013,0.026821,0.000000,0.045995
1555578386,165857076,0.004276,-0.209772,0.120499,0.960799,-4.222796,-1.407183,1.570882,0.000000,0.000000,0.000000,0.015071,-0.012224,0.000000,-0.049663
1555578386,175858020,0.004276,-0.209749,0.120487,0.960823,-4.222689,-1.407183,1.570966,0.000000,0.000000,0.000000,-0.010252,0.021596,0.000000,0.040483
1555578386,185870885,0.004276,-0.209772,0.120523,0.960847,-4.222677,-1.407219,1.570954,0.000000,0.000000,0.000000,0.004218,-0.043790,0.000000,0.012895
1555578386,195843935,0.004276,-0.209784,0.120451,0.960835,-4.222832,-1.407171,1.570786,0.000000,0.000000,0.000000,-0.001623,0.044414,0.000000,0.027396
1555578386,205852031,0.004276,-0.209808,0.120463,0.960715,-4.222652,-1.407195,1.570894,0.000000,0.000000,0.000000,-0.004781,-0.038110,0.000000,-0.041969
1555578386,215836048,0.004276,-0.209737,0.120415,0.960835,-4.222712,-1.407207,1.570954,0.000000,0.000000,0.000000,0.008693,0.041370,0.000000,0.040722
1555578386,225869894,0.004276,-0.209796,0.120463,0.960715,-4.222533,-1.407219,1.570978,0.000000,0.000000,0.000000,-0.012310,0.043191,0.000000,0.029529
1555578386,235862970,0.004276,-0.209713,0.120511,0.960763,-4.222904,-1.407183,1.570810,0.000000,0.000000,0.000000,0.015071,-0.032381,0.000000,0.004985
1555578386,245919942,0.004276,-0.209761,0.120511,0.960775,-4.222605,-1.407147,1.570954,0.000000,0.000000,0.000000,-0.012080,-0.004674,0.000000,-0.040027
1555578386,255862951,0.004276,-0.209737,0.120427,0.960703,-4.222772,-1.407207,1.570918,0.000000,0.000000,0.000000,-0.004576,-0.010906,0.000000,0.046403
1555578386,265860080,0.004276,-0.209725,0.120499,0.960763,-4.222832,-1.407147,1.570954,0.000000,0.000000,0.000000,-0.001432,0.044174,0.000000,0.042328
1555578386,275859117,0.004276,-0.209737,0.120499,0.960739,-4.222665,-1.407207,1.570798,0.000000,0.000000,0.000000,-0.004564,-0.027947,0.000000,-0.021596
1555578386,285851955,0.004276,-0.209737,0.120487,0.960847,-4.222761,-1.407219,1.570990,0.000000,0.000000,0.000000,0.006021,0.042520,0.000000,-0.004578
1555578386,295854091,0.004276,-0.209761,0.120487,0.960739,-4.222832,-1.407183,1.570870,0.000000,0.000000,0.000000,-0.004653,-0.035090,0.000000,0.046259
1555578386,305855989,0.004276,-0.209713,0.120439,0.960763,-4.222940,-1.407207,1.570990,0.000000,0.000000,0.000000,0.015161,-0.025910,0.000000,0.032885
1555578386,315859079,0.004276,-0.209749,0.120463,0.960727,-4.222616,-1.407183,1.570810,0.000000,0.000000,0.000000,-0.013537,0.009731,0.000000,-0.032381
1555578386,325862884,0.004276,-0.209761,0.120487,0.960691,-4.222784,-1.407219,1.570978,0.000000,0.000000,0.000000,0.000972,0.006280,0.000000,0.021596
1555578386,335870027,0.004276,-0.209772,0.120475,0.960859,-4.222724,-1.407159,1.570846,0.000000,0.000000,0.000000,0.008603,-0.030584,0.000000,0.004123
1555578386,345849037,0.004276,-0.209796,0.120523,0.960751,-4.222665,-1.407171,1.570954,0.000000,0.000000,0.000000,0.001777,-0.028882,0.000000,0.039524
1555578386,355854988,0.004276,-0.209713,0.120475,0.960859,-4.222832,-1.407207,1.570810,0.000000,0.000000,0.000000,0.005625,0.041370,0.000000,-0.019966
1555578386,365839958,0.004276,-0.209784,0.120463,0.960679,-4.222796,-1.407183,1.570906,0.000000,0.000000,0.000000,-0.007977,-0.037247,0.000000,0.020637
1555578386,375844001,0.004276,-0.209772,0.120511,0.960787,-4.222521,-1.407231,1.570870,0.000000,0.000000,0.000000,-0.002429,0.036025,0.000000,0.029433
1555578386,385843038,0.004276,-0.209749,0.120487,0.960775,-4.222521,-1.407183,1.570918,0.000000,0.000000,0.000000,-0.012860,0.013734,0.000000,0.038733
1555578386,395837068,0.004276,-0.209749,0.120475,0.960727,-4.222880,-1.407171,1.570738,0.000000,0.000000,0.000000,0.002122,-0.021596,0.000000,-0.037175
1555578386,405877113,0.004276,-0.209772,0.120499,0.960823,-4.222689,-1.407159,1.570942,0.000000,0.000000,0.000000,0.006852,-0.005129,0.000000,0.032381
1555578386,415848016,0.004276,-0.209761,0.120511,0.960691,-4.222808,-1.407219,1.570762,0.000000,0.000000,0.000000,-0.014253,0.047913,0.000000,-0.019199
1555578386,425883054,0.004276,-0.209737,0.120463,0.960799,-4.222784,-1.407183,1.570798,0.000000,0.000000,0.000000,-0.001381,0.037607,0.000000,0.045396
1555578386,435839891,0.004276,-0.209737,0.120463,0.960667,-4.222748,-1.407195,1.570810,0.000000,0.000000,0.000000,-0.007529,-0.029122,0.000000,-0.043263
1555578386,445839881,0.004276,-0.209796,0.120451,0.960763,-4.222544,-1.407183,1.570930,0.000000,0.000000,0.000000,0.000946,0.032837,0.000000,0.039332
1555578386,455837011,0.004276,-0.209749,0.120439,0.960811,-4.223024,-1.407159,1.570774,0.000000,0.000000,0.000000,0.005791,-0.020829,0.000000,-0.025910
1555578386,465854883,0.004276,-0.209725,0.120475,0.960763,-4.222940,-1.407135,1.570810,0.000000,0.000000,0.000000,0.011633,-0.021596,0.000000,0.006807
1555578386,475876092,0.004276,-0.209737,0.120511,0.960799,-4.222700,-1.407159,1.570858,0.000000,0.000000,0.000000,0.004180,-0.006112,0.000000,-0.031375
1555578386,485877990,0.004276,-0.209772,0.120487,0.960715,-4.222748,-1.407219,1.570846,0.000000,0.000000,0.000000,-0.009639,0.046643,0.000000,0.043239
1555578386,495883941,0.004276,-0.209772,0.120463,0.960775,-4.222652,-1.407147,1.570786,0.000000,0.000000,0.000000,0.014125,-0.042376,0.000000,-0.036480
1555578386,505851030,0.004276,-0.209749,0.120475,0.960655,-4.222677,-1.407159,1.570690,0.000000,0.000000,0.000000,-0.006954,-0.035066,0.000000,-0.025910
1555578386,515851974,0.004276,-0.209784,0.120451,0.960799,-4.222665,-1.407231,1.570930,0.000000,0.000000,0.000000,0.007159,0.032381,0.000000,0.017425
1555578386,525844097,0.004276,-0.209796,0.120463,0.960727,-4.222880,-1.407171,1.570858,0.000000,0.000000,0.000000,0.002275,-0.043191,0.000000,0.003595
1555578386,535871982,0.004276,-0.209796,0.120487,0.960703,-4.222484,-1.407183,1.570894,0.000000,0.000000,0.000000,-0.007529,0.016179,0.000000,-0.044102
1555578386,545839071,0.004276,-0.209761,0.120487,0.960811,-4.222628,-1.407171,1.570846,0.000000,0.000000,0.000000,-0.001879,0.021596,0.000000,-0.032381
1555578386,555831909,0.004276,-0.209761,0.120427,0.960667,-4.222724,-1.407219,1.570966,0.000000,0.000000,0.000000,-0.005791,0.005800,0.000000,0.021596
1555578386,565844058,0.004276,-0.209796,0.120475,0.960823,-4.222628,-1.407207,1.570834,0.000000,0.000000,0.000000,0.013972,-0.041849,0.000000,0.030943
1555578386,575862884,0.004276,-0.209761,0.120415,0.960787,-4.222844,-1.407123,1.570894,0.000000,0.000000,0.000000,-0.013870,0.026941,0.000000,-0.050837
1555578386,585854053,0.004276,-0.209761,0.120475,0.960847,-4.222772,-1.407183,1.570762,0.000000,0.000000,0.000000,0.006852,0.026941,0.000000,-0.039045
1555578386,595850944,0.004276,-0.209737,0.120463,0.960727,-4.222761,-1.407147,1.570918,0.000000,0.000000,0.000000,-0.001087,-0.036049,0.000000,0.043191
1555578386,605860948,0.004276,-0.209784,0.120499,0.960763,-4.222568,-1.407147,1.570726,0.000000,0.000000,0.000000,-0.004947,0.043191,0.000000,-0.025910
1555578386,615856885,0.004276,-0.209725,0.120487,0.960775,-4.222940,-1.407159,1.570942,0.000000,0.000000,0.000000,0.011249,-0.032381,0.000000,0.017617
1555578386,625901937,0.004276,-0.209808,0.120463,0.960691,-4.222892,-1.407195,1.570786,0.000000,0.000000,0.000000,0.001150,0.004458,0.000000,-0.043910
1555578386,635833978,0.004276,-0.209761,0.120499,0.960847,-4.222616,-1.407159,1.570894,0.000000,0.000000,0.000000,0.007504,0.008892,0.000000,0.048296
1555578386,645842075,0.004276,-0.209737,0.120451,0.960751,-4.222904,-1.407207,1.570762,0.000000,0.000000,0.000000,-0.015020,0.003356,0.000000,-0.025910
1555578386,655847072,0.004276,-0.209749,0.120487,0.960715,-4.222568,-1.407171,1.570954,0.000000,0.000000,0.000000,-0.004922,-0.042616,0.000000,0.014405
1555578386,665848970,0.004276,-0.209784,0.120475,0.960715,-4.222772,-1.407231,1.570918,0.000000,0.000000,0.000000,-0.005778,-0.030632,0.000000,-0.044989
1555578386,675844907,0.004276,-0.209796,0.120487,0.960751,-4.222556,-1.407231,1.570918,0.000000,0.000000,0.000000,-0.002633,0.025910,0.000000,0.036312
1555578386,685834884,0.004276,-0.209784,0.120463,0.960799,-4.222976,-1.407183,1.570834,0.000000,0.000000,0.000000,0.009421,0.004698,0.000000,-0.035497
1555578386,695839881,0.004276,-0.209784,0.120499,0.960739,-4.222472,-1.407183,1.571002,0.000000,0.000000,0.000000,-0.012067,0.008245,0.000000,0.037918
1555578386,705837011,0.004276,-0.209749,0.120463,0.960811,-4.222724,-1.407135,1.570990,0.000000,0.000000,0.000000,0.008705,0.010354,0.000000,-0.005081
1555578386,715836048,0.004276,-0.209784,0.120487,0.960739,-4.222796,-1.407183,1.570822,0.000000,0.000000,0.000000,-0.016107,0.030104,0.000000,0.032645
1555578386,725862026,0.004276,-0.209749,0.120463,0.960679,-4.222628,-1.407183,1.570858,0.000000,0.000000,0.000000,0.002160,-0.030320,0.000000,-0.035737
1555578386,735897064,0.004276,-0.209761,0.120499,0.960799,-4.222880,-1.407195,1.570954,0.000000,0.000000,0.000000,0.004027,0.036959,0.000000,0.032381
1555578386,745865106,0.004276,-0.209772,0.120499,0.960691,-4.222605,-1.407207,1.570966,0.000000,0.000000,0.000000,-0.004794,0.037654,0.000000,0.032070
1555578386,755841016,0.004276,-0.209749,0.120475,0.960775,-4.222928,-1.407219,1.570858,0.000000,0.000000,0.000000,0.012566,-0.032381,0.000000,0.004506
1555578386,765853881,0.004276,-0.209725,0.120487,0.960739,-4.222665,-1.407207,1.570906,0.000000,0.000000,0.000000,-0.014752,0.016634,0.000000,-0.047553
1555578386,775849103,0.004276,-0.209761,0.120463,0.960739,-4.222796,-1.407159,1.570894,0.000000,0.000000,0.000000,0.013013,-0.018504,0.000000,0.051245
1555578386,785865068,0.004276,-0.209737,0.120439,0.960691,-4.222761,-1.407207,1.571002,0.000000,0.000000,0.000000,-0.005254,0.003787,0.000000,0.025910
1555578386,795819997,0.004276,-0.209749,0.120487,0.960763,-4.222616,-1.407231,1.570810,0.000000,0.000000,0.000000,-0.004052,-0.046715,0.000000,-0.017066
1555578386,805856943,0.004276,-0.209796,0.120451,0.960799,-4.222844,-1.407147,1.570918,0.000000,0.000000,0.000000,0.004027,0.039979,0.000000,-0.030991
1555578386,815851926,0.004276,-0.209749,0.120475,0.960643,-4.222652,-1.407195,1.570846,0.000000,0.000000,0.000000,-0.007529,-0.036887,0.000000,0.045804
1555578386,825860977,0.004276,-0.209737,0.120451,0.960823,-4.222868,-1.407171,1.570978,0.000000,0.000000,0.000000,0.007031,-0.035881,0.000000,0.038757
1555578386,835849046,0.004276,-0.209772,0.120475,0.960715,-4.222628,-1.407195,1.570762,0.000000,0.000000,0.000000,-0.008271,0.038469,0.000000,-0.032381
1555578386,845844030,0.004276,-0.209772,0.120463,0.960775,-4.222736,-1.407183,1.570990,0.000000,0.000000,0.000000,0.008373,-0.018504,0.000000,0.022866
1555578386,855845928,0.004276,-0.209772,0.120511,0.960751,-4.222784,-1.407183,1.570906,0.000000,0.000000,0.000000,0.003618,0.010906,0.000000,-0.011121
1555578386,865847110,0.004276,-0.209772,0.120475,0.960763,-4.222665,-1.407207,1.570894,0.000000,0.000000,0.000000,0.008859,-0.032286,0.000000,0.043023
1555578386,875864028,0.004276,-0.209761,0.120463,0.960787,-4.222868,-1.407207,1.570798,0.000000,0.000000,0.000000,-0.002020,0.027060,0.000000,-0.041585
1555578386,885857105,0.004276,-0.209808,0.120475,0.960703,-4.222628,-1.407171,1.570966,0.000000,0.000000,0.000000,-0.004129,-0.031183,0.000000,0.021596
1555578386,895844936,0.004276,-0.209737,0.120499,0.960799,-4.222748,-1.407231,1.570786,0.000000,0.000000,0.000000,0.009830,0.031303,0.000000,-0.017449
1555578386,905867099,0.004276,-0.209749,0.120511,0.960691,-4.222712,-1.407207,1.570834,0.000000,0.000000,0.000000,-0.011070,0.032381,0.000000,0.034131
1555578386,915849924,0.004276,-0.209808,0.120487,0.960751,-4.222844,-1.407231,1.570810,0.000000,0.000000,0.000000,0.015071,-0.025910,0.000000,-0.038254
1555578386,925841093,0.004276,-0.209749,0.120475,0.960739,-4.222665,-1.407195,1.570906,0.000000,0.000000,0.000000,-0.011249,0.016179,0.000000,0.042304
1555578386,935853004,0.004276,-0.209808,0.120487,0.960691,-4.222761,-1.407207,1.570774,0.000000,0.000000,0.000000,-0.004231,-0.022962,0.000000,-0.043191
1555578386,945866107,0.004276,-0.209784,0.120511,0.960727,-4.222892,-1.407207,1.570750,0.000000,0.000000,0.000000,-0.001368,0.003595,0.000000,0.003931
1555578386,955858945,0.004276,-0.209761,0.120475,0.960727,-4.222568,-1.407207,1.570906,0.000000,0.000000,0.000000,-0.004359,-0.041274,0.000000,-0.048704
1555578386,965857982,0.004276,-0.209749,0.120487,0.960775,-4.222820,-1.407207,1.570906,0.000000,0.000000,0.000000,0.007529,0.046499,0.000000,0.034323
1555578386,975851058,0.004276,-0.209761,0.120499,0.960703,-4.222748,-1.407171,1.570738,0.000000,0.000000,0.000000,0.004218,-0.040818,0.000000,-0.032981
1555578386,985843896,0.004276,-0.209761,0.120475,0.960763,-4.222904,-1.407219,1.570810,0.000000,0.000000,0.000000,0.015071,-0.022075,0.000000,-0.012248
1555578386,995826005,0.004276,-0.209701,0.120475,0.960751,-4.222593,-1.407183,1.570930,0.000000,0.000000,0.000000,-0.012949,0.012919,0.000000,-0.003427
1555578387,5861997,0.004276,-0.209772,0.120451,0.960655,-4.222796,-1.407207,1.570822,0.000000,0.000000,0.000000,-0.003515,-0.018504,0.000000,0.003883
1555578387,15868902,0.004276,-0.209749,0.120475,0.960799,-4.222640,-1.407219,1.570834,0.000000,0.000000,0.000000,0.010559,-0.004051,0.000000,-0.044102
1555578387,25852918,0.004276,-0.209737,0.120487,0.960679,-4.222556,-1.407171,1.570738,0.000000,0.000000,0.000000,-0.004449,-0.029385,0.000000,-0.047170
1555578387,35928010,0.004276,-0.209725,0.120499,0.960799,-4.222784,-1.407195,1.570930,0.000000,0.000000,0.000000,0.006852,0.034467,0.000000,0.012919
1555578387,45838117,0.004276,-0.209784,0.120511,0.960751,-4.222880,-1.407147,1.570774,0.000000,0.000000,0.000000,-0.005356,-0.029529,0.000000,-0.016179
1555578387,55866956,0.004276,-0.209749,0.120487,0.960691,-4.222509,-1.407195,1.570870,0.000000,0.000000,0.000000,-0.009421,0.043191,0.000000,-0.004746
1555578387,65896034,0.004276,-0.209761,0.120475,0.960751,-4.222616,-1.407171,1.570798,0.000000,0.000000,0.000000,-0.011978,0.021596,0.000000,-0.041034
1555578387,75836896,0.004276,-0.209784,0.120463,0.960667,-4.222748,-1.407195,1.570942,0.000000,0.000000,0.000000,-0.003809,-0.024759,0.000000,0.042999
1555578387,85843086,0.004276,-0.209761,0.120487,0.960823,-4.222689,-1.407183,1.570726,0.000000,0.000000,0.000000,0.011070,0.009803,0.000000,-0.018192
1555578387,95858097,0.004276,-0.209713,0.120487,0.960799,-4.222832,-1.407183,1.570906,0.000000,0.000000,0.000000,-0.001355,0.003667,0.000000,0.011457
1555578387,105839967,0.004276,-0.209761,0.120451,0.960775,-4.222784,-1.407243,1.570858,0.000000,0.000000,0.000000,0.004922,0.040363,0.000000,-0.044246
1555578387,115844011,0.004276,-0.209737,0.120487,0.960703,-4.222808,-1.407171,1.570870,0.000000,0.000000,0.000000,-0.005279,-0.036696,0.000000,0.043647
1555578387,125865936,0.004276,-0.209796,0.120499,0.960679,-4.222581,-1.407219,1.570762,0.000000,0.000000,0.000000,-0.008667,0.042736,0.000000,-0.040171
1555578387,135860919,0.004276,-0.209761,0.120439,0.960787,-4.222904,-1.407183,1.570966,0.000000,0.000000,0.000000,0.012566,-0.020733,0.000000,0.025910
1555578387,145858049,0.004276,-0.209772,0.120463,0.960691,-4.222761,-1.407183,1.570834,0.000000,0.000000,0.000000,-0.003707,0.005105,0.000000,-0.033316
