zeros:
  right_wheel: 0.0
  left_wheel: 0.0
  prismatic_joint: 0.0
  ur5_shoulder_pan_joint: 0.0
  ur5_shoulder_lift_joint: -3.1416190306292933
  #ur5_elbow_joint: 1.5707863012896937
  #ur5_wrist_1_joint: -1.5707863012896937
  #ur5_wrist_2_joint: -1.5707863012896937
  #ur5_wrist_3_joint: 3.1415679454803467
  ur5_elbow_joint: 2.2689690589904785
  ur5_wrist_1_joint: -2.2689269224749964
  ur5_wrist_2_joint: -1.5707863012896937
  ur5_wrist_3_joint: 3.1415679454803467
  